  01    -1.24
  02    -2.59
  03    -3.84
  04    -5.22
  05    -6.60
  06    -7.99
  07    -8.51
  08    -9.89
  09   -10.84
  10   -12.15
  11   -13.39
  12   -14.36
  13   -15.73
  14   -17.11
  15   -18.41
  16   -19.79
  17   -20.74
  18   -22.02
  19   -23.10
  20   -24.35
  21   -25.63
  22   -26.93
  23   -27.91
  24   -28.65
  25   -29.18
  26   -30.30
  27   -31.68
  28   -32.94
  29   -34.03
  30   -35.12
  31   -36.03
  32   -37.37
  33   -38.74
  34   -40.10
  35   -40.90
  36   -41.36
  37   -42.50
  38   -43.44
  39   -44.53
  40   -45.68
  41   -46.71
  42   -47.35
  43   -47.34
  44   -48.37
  45   -49.49
  46   -50.58
  47   -50.91
  48   -51.48
  49   -51.58
  50   -51.97
  51   -52.26
  52   -52.38
  53   -53.45
  54   -53.81
  55   -54.05
  56   -53.72
  57   -53.39
  58   -53.75
  59   -54.49
  60   -55.44
  61   -55.75
  62   -55.96
  63   -56.54
  64   -55.62
  65   -55.69
  66   -55.93
  67   -56.23
  68   -55.92
  69   -55.76
  70   -54.84
  71   -54.88
  72   -54.77
  73   -54.81
  74   -54.32
  75   -53.58
  76   -54.06
  77   -54.97
  78   -55.55
  79   -54.89
  80   -53.87
  81   -52.81
  82   -51.03
  83   -48.62
  84   -49.22
  85   -48.57
  86   -49.11
  87   -48.53
  88   -47.52
  89   -47.34
  90   -47.74
  91   -47.22
  92   -45.48
  93   -44.00
  94   -44.28
  95   -44.14
  96   -44.80
  97   -44.71
  98   -44.82
  99   -44.63
 100   -44.10
 101   -44.32
 102   -43.74
 103   -44.14
 104   -44.06
 105   -44.38
 106   -42.98
 107   -40.95
 108   -41.62
 109   -41.33
 110   -39.19
 111   -38.04
 112   -36.38
 113   -36.07
 114   -35.52
 115   -34.66
 116   -34.45
 117   -33.27
 118   -32.09
 119   -31.82
 120   -31.39
 121   -31.54
 122   -31.58
 123   -31.33
 124   -30.49
 125   -29.79
 126   -28.94
 127   -29.46
 128   -28.84
 129   -29.55
 130   -29.85
 131   -30.01
 132   -29.27
 133   -28.86
 134   -27.83
 135   -27.12
 136   -27.01
 137   -25.51
 138   -25.23
 139   -25.50
 140   -25.51
 141   -25.75
 142   -25.21
 143   -25.00
 144   -23.56
 145   -23.44
 146   -22.09
 147   -20.70
 148   -19.55
 149   -17.56
 150   -16.54
 151   -16.31
 152   -16.68
 153   -16.32
 154   -15.87
 155   -14.52
 156   -13.07
 157   -12.90
 158   -12.46
 159   -10.55
 160    -7.42
 161    -4.95
 162    -1.99
 163    -0.28
 164     0.38
 165     2.15
 166     2.47
 167     2.56
 168     3.23
 169     4.30
 170     5.13
 171     8.84
 172    10.07
 173    10.05
 174    12.59
 175    12.08
 176    13.70
 177    15.96
 178    15.82
 179    16.37
 180    17.45
 181    19.25
 182    20.26
 183    20.13
 184    20.15
 185    20.60
 186    22.65
 187    21.83
 188    21.88
 189    21.73
 190    22.57
 191    22.28
 192    22.49
 193    22.58
 194    23.64
 195    24.99
 196    25.25
 197    24.93
 198    24.29
 199    23.66
 200    23.25
 201    24.50
 202    25.40
 203    24.80
 204    23.85
 205    23.73
 206    22.83
 207    22.10
 208    22.97
 209    22.79
 210    23.40
 211    25.13
 212    24.30
 213    23.62
 214    23.33
 215    22.72
 216    22.27
 217    21.29
 218    21.31
 219    21.27
 220    20.75
 221    20.90
 222    20.40
 223    19.65
 224    18.66
 225    17.94
 226    17.72
 227    17.17
 228    17.13
 229    17.06
 230    17.21
 231    16.96
 232    16.11
 233    15.91
 234    15.53
 235    15.84
 236    15.97
 237    15.33
 238    14.48
 239    13.77
 240    12.92
 241    13.45
 242    13.92
 243    13.50
 244    12.67
 245    12.87
 246    12.19
 247    11.72
 248    13.31
 249    14.02
 250    14.80
 251    14.88
 252    14.72
 253    15.88
 254    18.12
 255    17.72
 256    18.60
 257    20.05
 258    21.49
 259    22.81
 260    25.16
 261    26.65
 262    27.13
 263    28.26
 264    28.91
 265    29.75
 266    30.66
 267    31.59
 268    32.54
 269    34.52
 270    37.96
 271    37.67
 272    38.05
 273    39.30
 274    40.29
 275    41.48
 276    43.44
 277    44.77
 278    45.18
 279    47.07
 280    47.45
 281    48.31
 282    48.92
 283    48.65
 284    49.64
 285    50.33
 286    51.83
 287    52.09
 288    53.57
 289    54.32
 290    55.19
 291    55.46
 292    56.64
 293    56.38
 294    55.42
 295    56.04
 296    56.30
 297    57.05
 298    56.43
 299    56.75
 300    56.77
 301    56.42
 302    56.86
 303    56.51
 304    55.68
 305    55.15
 306    54.49
 307    54.37
 308    53.55
 309    52.55
 310    52.13
 311    51.44
 312    50.60
 313    50.28
 314    49.31
 315    48.69
 316    48.01
 317    47.68
 318    47.09
 319    45.75
 320    44.74
 321    43.69
 322    43.36
 323    42.70
 324    42.47
 325    41.50
 326    40.78
 327    40.49
 328    39.71
 329    38.72
 330    38.03
 331    37.24
 332    36.39
 333    35.27
 334    34.56
 335    33.82
 336    32.61
 337    31.25
 338    30.04
 339    28.77
 340    27.88
 341    27.09
 342    26.12
 343    24.95
 344    24.05
 345    23.13
 346    22.50
 347    21.37
 348    20.08
 349    18.95
 350    18.12
 351    17.22
 352    16.00
 353    14.93
 354    13.80
 355    12.79
 356    11.77
 357    10.78
 358     9.61
 359     8.23
 360     7.22
 361     6.08
 362     4.72
 363     3.58
 364     2.66
 365     1.38
 366     0.00
