  01    -0.89
  02    -1.78
  03    -2.67
  04    -3.55
  05    -4.44
  06    -5.33
  07    -6.22
  08    -7.11
  09    -8.00
  10    -8.88
  11    -9.77
  12   -10.66
  13   -11.55
  14   -12.44
  15   -13.33
  16   -14.22
  17   -15.10
  18   -15.99
  19   -16.88
  20   -17.77
  21   -18.66
  22   -19.55
  23   -20.44
  24   -21.32
  25   -22.21
  26   -23.10
  27   -23.99
  28   -24.88
  29   -25.76
  30   -26.65
  31   -27.54
  32   -28.43
  33   -29.31
  34   -30.20
  35   -31.06
  36   -31.95
  37   -32.83
  38   -33.72
  39   -34.60
  40   -35.49
  41   -36.37
  42   -37.25
  43   -38.13
  44   -38.99
  45   -39.88
  46   -40.73
  47   -41.54
  48   -42.42
  49   -43.31
  50   -44.17
  51   -45.03
  52   -45.91
  53   -46.79
  54   -47.63
  55   -48.50
  56   -49.23
  57   -50.11
  58   -50.96
  59   -51.84
  60   -52.71
  61   -53.41
  62   -54.16
  63   -55.00
  64   -55.87
  65   -56.72
  66   -57.55
  67   -58.32
  68   -59.10
  69   -59.77
  70   -60.48
  71   -61.14
  72   -61.83
  73   -62.63
  74   -63.48
  75   -64.32
  76   -65.08
  77   -65.78
  78   -66.60
  79   -67.37
  80   -67.92
  81   -68.65
  82   -69.36
  83   -70.06
  84   -70.68
  85   -71.47
  86   -72.14
  87   -72.56
  88   -73.19
  89   -73.87
  90   -74.39
  91   -75.00
  92   -75.84
  93   -76.26
  94   -76.92
  95   -77.40
  96   -78.08
  97   -78.66
  98   -79.22
  99   -79.60
 100   -79.50
 101   -79.55
 102   -80.09
 103   -80.62
 104   -81.11
 105   -81.32
 106   -80.98
 107   -81.36
 108   -81.56
 109   -81.98
 110   -82.01
 111   -82.35
 112   -82.75
 113   -83.09
 114   -83.05
 115   -83.45
 116   -83.87
 117   -84.44
 118   -84.89
 119   -85.03
 120   -85.41
 121   -86.09
 122   -86.09
 123   -86.16
 124   -86.20
 125   -86.39
 126   -86.84
 127   -85.63
 128   -86.10
 129   -86.13
 130   -86.09
 131   -86.35
 132   -86.52
 133   -86.85
 134   -87.26
 135   -86.70
 136   -86.56
 137   -86.06
 138   -85.93
 139   -85.87
 140   -83.54
 141   -83.03
 142   -82.83
 143   -83.01
 144   -82.91
 145   -82.57
 146   -82.48
 147   -82.15
 148   -80.85
 149   -79.54
 150   -79.04
 151   -78.06
 152   -77.41
 153   -77.51
 154   -77.46
 155   -76.95
 156   -76.11
 157   -75.85
 158   -75.48
 159   -75.59
 160   -74.85
 161   -74.52
 162   -74.56
 163   -74.64
 164   -74.17
 165   -74.02
 166   -73.82
 167   -73.73
 168   -73.19
 169   -72.80
 170   -71.77
 171   -71.74
 172   -70.78
 173   -67.31
 174   -67.09
 175   -66.71
 176   -66.36
 177   -65.94
 178   -65.56
 179   -65.38
 180   -64.54
 181   -63.50
 182   -62.95
 183   -62.68
 184   -62.31
 185   -60.31
 186   -58.42
 187   -58.39
 188   -57.35
 189   -56.06
 190   -55.84
 191   -54.60
 192   -54.02
 193   -53.95
 194   -53.18
 195   -52.38
 196   -51.10
 197   -50.67
 198   -50.54
 199   -50.49
 200   -50.70
 201   -50.73
 202   -51.10
 203   -50.38
 204   -49.06
 205   -48.86
 206   -48.68
 207   -48.32
 208   -48.74
 209   -48.18
 210   -47.51
 211   -47.29
 212   -47.21
 213   -45.69
 214   -45.53
 215   -44.43
 216   -42.01
 217   -39.89
 218   -37.91
 219   -37.30
 220   -36.55
 221   -35.78
 222   -35.65
 223   -34.10
 224   -33.66
 225   -33.81
 226   -33.11
 227   -32.97
 228   -30.85
 229   -29.84
 230   -29.01
 231   -28.90
 232   -27.89
 233   -24.14
 234   -23.99
 235   -23.64
 236   -23.68
 237   -22.87
 238   -21.72
 239   -20.83
 240   -20.89
 241   -20.90
 242   -21.33
 243   -21.37
 244   -20.41
 245   -19.50
 246   -18.89
 247   -18.58
 248   -17.51
 249   -17.31
 250   -13.32
 251   -12.66
 252   -11.74
 253   -10.00
 254    -9.42
 255    -8.50
 256    -6.75
 257    -5.98
 258    -2.94
 259     2.31
 260     5.24
 261     5.66
 262     6.67
 263     7.48
 264     8.87
 265    10.16
 266    10.97
 267    11.34
 268    12.36
 269    14.93
 270    18.48
 271    19.72
 272    21.16
 273    22.06
 274    24.50
 275    26.83
 276    29.46
 277    30.75
 278    31.23
 279    32.02
 280    33.50
 281    35.97
 282    38.53
 283    39.52
 284    40.86
 285    42.04
 286    42.56
 287    43.83
 288    45.50
 289    46.12
 290    46.09
 291    46.61
 292    47.20
 293    47.65
 294    47.97
 295    49.39
 296    50.05
 297    50.35
 298    50.77
 299    51.58
 300    51.80
 301    51.97
 302    51.61
 303    51.81
 304    51.26
 305    50.75
 306    50.20
 307    49.66
 308    49.02
 309    48.61
 310    48.06
 311    47.50
 312    46.95
 313    46.19
 314    45.45
 315    44.67
 316    44.03
 317    43.32
 318    42.50
 319    41.62
 320    40.78
 321    39.97
 322    39.08
 323    38.19
 324    37.31
 325    36.42
 326    35.53
 327    34.64
 328    33.75
 329    32.87
 330    31.98
 331    31.09
 332    30.20
 333    29.31
 334    28.42
 335    27.53
 336    26.65
 337    25.76
 338    24.87
 339    23.99
 340    23.10
 341    22.21
 342    21.32
 343    20.43
 344    19.54
 345    18.65
 346    17.77
 347    16.88
 348    15.99
 349    15.10
 350    14.21
 351    13.32
 352    12.43
 353    11.55
 354    10.66
 355     9.77
 356     8.88
 357     7.99
 358     7.10
 359     6.22
 360     5.33
 361     4.44
 362     3.55
 363     2.66
 364     1.78
 365     0.89
 366    -0.00
