  01    -1.13
  02    -2.39
  03    -3.67
  04    -4.95
  05    -5.64
  06    -6.77
  07    -7.27
  08    -8.30
  09    -9.58
  10   -10.74
  11   -11.97
  12   -13.25
  13   -14.46
  14   -15.18
  15   -16.39
  16   -17.66
  17   -18.89
  18   -20.08
  19   -21.35
  20   -22.25
  21   -23.41
  22   -24.41
  23   -24.75
  24   -26.03
  25   -27.12
  26   -27.99
  27   -28.90
  28   -30.09
  29   -31.05
  30   -31.62
  31   -32.55
  32   -33.04
  33   -34.15
  34   -34.98
  35   -36.12
  36   -37.37
  37   -38.36
  38   -39.47
  39   -40.20
  40   -41.10
  41   -42.08
  42   -42.46
  43   -43.37
  44   -43.66
  45   -44.83
  46   -45.13
  47   -46.09
  48   -47.07
  49   -48.10
  50   -49.26
  51   -49.55
  52   -50.44
  53   -51.45
  54   -52.40
  55   -53.23
  56   -53.14
  57   -54.17
  58   -54.42
  59   -55.30
  60   -55.33
  61   -56.55
  62   -56.68
  63   -55.23
  64   -55.85
  65   -56.37
  66   -56.78
  67   -56.30
  68   -55.02
  69   -53.63
  70   -53.30
  71   -53.42
  72   -52.82
  73   -51.53
  74   -50.64
  75   -50.98
  76   -50.52
  77   -51.64
  78   -51.79
  79   -50.71
  80   -48.49
  81   -48.10
  82   -47.54
  83   -47.57
  84   -47.54
  85   -46.97
  86   -46.96
  87   -47.54
  88   -48.10
  89   -48.64
  90   -48.48
  91   -47.26
  92   -46.44
  93   -46.38
  94   -46.87
  95   -46.92
  96   -47.72
  97   -46.43
  98   -46.33
  99   -45.97
 100   -46.61
 101   -46.69
 102   -46.57
 103   -46.50
 104   -46.47
 105   -45.32
 106   -45.37
 107   -45.14
 108   -45.05
 109   -44.84
 110   -43.80
 111   -44.07
 112   -43.36
 113   -41.78
 114   -42.21
 115   -42.22
 116   -41.24
 117   -39.65
 118   -38.17
 119   -36.78
 120   -36.40
 121   -36.13
 122   -36.00
 123   -34.09
 124   -34.60
 125   -33.90
 126   -33.17
 127   -32.61
 128   -32.86
 129   -32.16
 130   -31.06
 131   -31.22
 132   -30.43
 133   -30.07
 134   -29.52
 135   -28.55
 136   -28.07
 137   -27.03
 138   -25.01
 139   -23.35
 140   -22.64
 141   -21.36
 142   -20.46
 143   -20.46
 144   -19.93
 145   -20.06
 146   -19.24
 147   -19.07
 148   -18.14
 149   -17.33
 150   -15.96
 151   -15.98
 152   -14.73
 153   -11.57
 154   -10.00
 155    -7.31
 156    -4.53
 157    -1.52
 158    -1.44
 159    -0.35
 160     1.25
 161     2.53
 162     4.28
 163     5.52
 164     6.40
 165     7.41
 166     8.40
 167     9.53
 168    12.84
 169    13.62
 170    14.10
 171    14.56
 172    14.62
 173    16.09
 174    16.58
 175    18.03
 176    17.89
 177    18.87
 178    18.75
 179    20.68
 180    22.39
 181    22.98
 182    23.37
 183    23.29
 184    23.80
 185    24.31
 186    25.49
 187    26.00
 188    25.98
 189    26.41
 190    26.28
 191    26.33
 192    26.26
 193    26.25
 194    25.50
 195    25.60
 196    26.33
 197    26.12
 198    27.57
 199    26.61
 200    26.28
 201    27.24
 202    26.40
 203    25.50
 204    24.37
 205    23.49
 206    22.65
 207    21.73
 208    20.87
 209    20.24
 210    19.69
 211    19.66
 212    18.62
 213    18.52
 214    17.55
 215    16.38
 216    15.22
 217    14.82
 218    15.28
 219    14.05
 220    13.04
 221    12.19
 222    11.27
 223    10.39
 224     9.73
 225     9.08
 226     8.77
 227     8.20
 228     7.94
 229     7.16
 230     6.24
 231     5.51
 232     5.28
 233     4.82
 234     4.27
 235     3.59
 236     2.90
 237     2.81
 238     2.67
 239     2.34
 240     2.64
 241     2.49
 242     2.53
 243     2.17
 244     2.82
 245     2.39
 246     3.12
 247     3.25
 248     4.11
 249     4.35
 250     3.90
 251     4.61
 252     4.22
 253     4.20
 254     6.63
 255     7.52
 256     8.24
 257     8.20
 258     9.92
 259     9.89
 260    10.29
 261    11.13
 262    12.75
 263    15.75
 264    18.16
 265    19.05
 266    20.81
 267    21.57
 268    22.21
 269    23.91
 270    24.00
 271    24.65
 272    25.05
 273    26.45
 274    27.70
 275    29.41
 276    32.42
 277    33.68
 278    35.10
 279    35.24
 280    36.88
 281    38.65
 282    40.12
 283    42.21
 284    42.67
 285    44.36
 286    45.00
 287    44.99
 288    44.89
 289    45.76
 290    46.31
 291    48.15
 292    48.73
 293    49.73
 294    49.07
 295    48.43
 296    48.36
 297    48.89
 298    49.95
 299    49.90
 300    50.27
 301    50.97
 302    50.63
 303    50.23
 304    50.35
 305    51.61
 306    51.30
 307    50.26
 308    49.94
 309    49.57
 310    48.85
 311    48.24
 312    47.06
 313    46.30
 314    46.49
 315    45.40
 316    45.50
 317    44.66
 318    43.95
 319    43.02
 320    42.07
 321    41.82
 322    40.92
 323    39.89
 324    39.77
 325    38.98
 326    38.02
 327    37.33
 328    36.35
 329    35.32
 330    34.32
 331    34.08
 332    32.99
 333    31.91
 334    31.14
 335    31.28
 336    30.90
 337    30.51
 338    29.31
 339    28.23
 340    27.81
 341    26.89
 342    25.93
 343    24.82
 344    24.09
 345    23.61
 346    23.20
 347    22.33
 348    21.31
 349    20.11
 350    18.86
 351    17.67
 352    16.42
 353    15.43
 354    14.39
 355    13.12
 356    11.96
 357    11.18
 358    10.03
 359     8.89
 360     7.62
 361     6.34
 362     5.06
 363     3.78
 364     2.50
 365     1.28
 366     0.00
