  01    -0.74
  02    -1.64
  03    -2.54
  04    -3.16
  05    -3.96
  06    -3.32
  07    -4.18
  08    -4.92
  09    -5.82
  10    -6.72
  11    -7.60
  12    -8.50
  13    -9.38
  14   -10.21
  15   -10.72
  16   -11.54
  17   -12.45
  18   -13.35
  19   -14.25
  20   -15.11
  21   -15.85
  22   -16.51
  23   -17.42
  24   -18.23
  25   -18.94
  26   -19.44
  27   -20.30
  28   -20.91
  29   -21.78
  30   -22.61
  31   -22.82
  32   -23.72
  33   -24.51
  34   -25.41
  35   -26.25
  36   -27.16
  37   -27.97
  38   -28.80
  39   -29.31
  40   -29.83
  41   -29.61
  42   -30.35
  43   -31.25
  44   -30.91
  45   -31.65
  46   -31.92
  47   -32.71
  48   -33.51
  49   -33.69
  50   -34.08
  51   -34.83
  52   -35.38
  53   -35.29
  54   -36.02
  55   -35.91
  56   -36.64
  57   -35.66
  58   -36.27
  59   -37.11
  60   -37.16
  61   -36.75
  62   -37.64
  63   -37.95
  64   -38.77
  65   -38.67
  66   -39.46
  67   -39.16
  68   -39.43
  69   -39.13
  70   -39.46
  71   -39.19
  72   -39.98
  73   -38.95
  74   -38.32
  75   -39.04
  76   -39.06
  77   -38.20
  78   -38.28
  79   -38.33
  80   -38.47
  81   -38.27
  82   -38.78
  83   -39.36
  84   -39.39
  85   -39.13
  86   -38.92
  87   -39.79
  88   -40.65
  89   -40.64
  90   -40.82
  91   -40.01
  92   -38.86
  93   -38.75
  94   -39.10
  95   -39.80
  96   -39.57
  97   -39.41
  98   -40.02
  99   -39.60
 100   -40.00
 101   -38.60
 102   -39.07
 103   -39.40
 104   -37.87
 105   -37.85
 106   -37.77
 107   -36.39
 108   -35.62
 109   -35.58
 110   -34.90
 111   -35.04
 112   -35.02
 113   -34.92
 114   -35.38
 115   -35.31
 116   -34.24
 117   -34.75
 118   -31.32
 119   -31.12
 120   -31.24
 121   -31.21
 122   -30.71
 123   -29.57
 124   -29.06
 125   -29.45
 126   -29.11
 127   -27.87
 128   -26.74
 129   -25.67
 130   -23.92
 131   -22.04
 132   -22.31
 133   -19.96
 134   -19.23
 135   -18.83
 136   -18.37
 137   -18.39
 138   -17.79
 139   -14.82
 140   -13.62
 141   -11.82
 142   -10.12
 143    -8.57
 144    -7.69
 145    -6.03
 146    -4.30
 147    -1.86
 148    -0.49
 149     1.71
 150     2.52
 151     2.84
 152     3.30
 153     4.71
 154     8.24
 155    10.28
 156    13.54
 157    14.30
 158    16.04
 159    16.30
 160    23.40
 161    26.88
 162    28.47
 163    31.79
 164    35.52
 165    39.19
 166    41.27
 167    42.63
 168    44.79
 169    45.68
 170    46.59
 171    47.32
 172    47.57
 173    47.64
 174    49.15
 175    51.22
 176    51.59
 177    52.05
 178    53.40
 179    53.95
 180    53.58
 181    53.10
 182    54.75
 183    55.02
 184    58.64
 185    58.65
 186    58.73
 187    58.33
 188    58.98
 189    58.93
 190    58.28
 191    58.35
 192    58.01
 193    57.42
 194    56.99
 195    58.53
 196    58.25
 197    57.99
 198    58.08
 199    57.42
 200    56.95
 201    56.84
 202    56.30
 203    55.48
 204    55.39
 205    54.91
 206    54.35
 207    53.67
 208    53.07
 209    52.31
 210    51.81
 211    51.35
 212    51.34
 213    50.96
 214    50.54
 215    49.72
 216    48.90
 217    48.25
 218    47.45
 219    46.86
 220    46.00
 221    45.14
 222    44.42
 223    43.58
 224    42.72
 225    41.82
 226    41.06
 227    40.49
 228    39.68
 229    39.08
 230    38.27
 231    37.57
 232    37.05
 233    36.70
 234    36.15
 235    35.37
 236    34.58
 237    34.06
 238    34.69
 239    33.87
 240    33.30
 241    32.85
 242    32.17
 243    32.45
 244    31.84
 245    31.04
 246    30.50
 247    29.86
 248    29.47
 249    29.18
 250    28.63
 251    28.55
 252    28.22
 253    27.53
 254    27.68
 255    27.30
 256    26.66
 257    26.24
 258    25.95
 259    25.46
 260    24.92
 261    24.80
 262    24.35
 263    24.88
 264    24.71
 265    24.18
 266    24.43
 267    24.51
 268    24.15
 269    23.85
 270    23.72
 271    24.15
 272    23.44
 273    23.69
 274    24.07
 275    23.51
 276    23.28
 277    22.76
 278    24.04
 279    23.32
 280    23.33
 281    23.58
 282    25.18
 283    25.24
 284    25.60
 285    25.29
 286    25.01
 287    25.46
 288    24.90
 289    24.15
 290    23.85
 291    24.29
 292    24.87
 293    24.45
 294    23.79
 295    24.34
 296    26.10
 297    27.00
 298    28.28
 299    28.65
 300    28.70
 301    28.92
 302    29.93
 303    29.71
 304    29.37
 305    29.86
 306    29.05
 307    29.02
 308    29.24
 309    28.90
 310    28.80
 311    28.13
 312    27.34
 313    27.06
 314    26.46
 315    26.48
 316    25.67
 317    25.53
 318    25.08
 319    24.66
 320    23.86
 321    23.45
 322    23.28
 323    22.86
 324    22.41
 325    22.08
 326    21.61
 327    21.11
 328    20.62
 329    20.70
 330    20.61
 331    19.80
 332    18.98
 333    18.37
 334    17.55
 335    16.79
 336    16.58
 337    15.93
 338    16.05
 339    15.85
 340    16.66
 341    16.19
 342    16.08
 343    15.40
 344    15.12
 345    15.16
 346    14.87
 347    14.18
 348    13.32
 349    12.63
 350    11.78
 351    10.90
 352    10.22
 353     9.34
 354     8.44
 355     7.54
 356     6.78
 357     6.22
 358     5.34
 359     5.18
 360     4.28
 361     3.57
 362     2.66
 363     1.86
 364     1.79
 365     0.89
 366    -0.00
