  01    -0.93
  02    -1.85
  03    -2.78
  04    -3.71
  05    -4.63
  06    -5.56
  07    -6.47
  08    -7.40
  09    -8.32
  10    -9.25
  11   -10.18
  12   -11.10
  13   -12.03
  14   -12.94
  15   -13.86
  16   -14.78
  17   -15.70
  18   -16.62
  19   -17.54
  20   -18.47
  21   -19.39
  22   -20.31
  23   -21.24
  24   -22.17
  25   -23.09
  26   -24.01
  27   -24.94
  28   -25.86
  29   -26.79
  30   -27.71
  31   -28.63
  32   -29.56
  33   -30.48
  34   -31.40
  35   -32.30
  36   -33.21
  37   -34.13
  38   -35.05
  39   -35.93
  40   -36.83
  41   -37.75
  42   -38.66
  43   -39.57
  44   -40.49
  45   -41.41
  46   -42.27
  47   -43.12
  48   -43.98
  49   -44.85
  50   -45.68
  51   -46.41
  52   -47.04
  53   -47.92
  54   -48.82
  55   -49.57
  56   -50.39
  57   -51.28
  58   -52.05
  59   -52.66
  60   -53.39
  61   -54.17
  62   -54.96
  63   -55.73
  64   -56.35
  65   -56.99
  66   -57.42
  67   -57.89
  68   -58.63
  69   -59.30
  70   -59.77
  71   -60.41
  72   -60.90
  73   -61.60
  74   -62.20
  75   -62.79
  76   -63.36
  77   -63.86
  78   -64.59
  79   -65.25
  80   -65.76
  81   -66.35
  82   -66.85
  83   -67.10
  84   -67.21
  85   -67.64
  86   -68.40
  87   -68.98
  88   -69.28
  89   -69.61
  90   -70.09
  91   -70.81
  92   -71.50
  93   -71.94
  94   -72.74
  95   -73.35
  96   -73.95
  97   -74.48
  98   -74.91
  99   -74.57
 100   -74.60
 101   -75.09
 102   -75.46
 103   -76.03
 104   -76.52
 105   -76.78
 106   -77.03
 107   -77.46
 108   -77.65
 109   -78.10
 110   -78.33
 111   -79.00
 112   -79.77
 113   -80.45
 114   -81.18
 115   -81.79
 116   -82.35
 117   -82.75
 118   -83.42
 119   -83.64
 120   -84.36
 121   -84.79
 122   -85.17
 123   -85.86
 124   -86.02
 125   -85.74
 126   -86.16
 127   -85.34
 128   -85.30
 129   -85.99
 130   -85.99
 131   -85.84
 132   -86.28
 133   -86.87
 134   -87.31
 135   -87.37
 136   -86.86
 137   -85.83
 138   -86.10
 139   -85.41
 140   -84.89
 141   -85.33
 142   -85.55
 143   -85.00
 144   -84.70
 145   -84.35
 146   -84.55
 147   -82.81
 148   -80.37
 149   -80.44
 150   -79.72
 151   -77.69
 152   -76.67
 153   -75.25
 154   -74.86
 155   -74.62
 156   -73.18
 157   -73.39
 158   -73.11
 159   -71.72
 160   -71.64
 161   -71.73
 162   -69.75
 163   -69.27
 164   -68.20
 165   -67.54
 166   -67.66
 167   -67.33
 168   -66.80
 169   -66.30
 170   -65.76
 171   -65.31
 172   -65.03
 173   -64.28
 174   -63.69
 175   -63.55
 176   -63.75
 177   -63.45
 178   -63.35
 179   -63.38
 180   -63.39
 181   -62.52
 182   -61.90
 183   -62.10
 184   -61.52
 185   -61.03
 186   -60.10
 187   -59.86
 188   -59.48
 189   -58.87
 190   -58.21
 191   -57.38
 192   -55.99
 193   -56.29
 194   -56.23
 195   -53.45
 196   -51.93
 197   -51.35
 198   -50.20
 199   -48.08
 200   -47.95
 201   -46.79
 202   -46.36
 203   -45.46
 204   -43.64
 205   -43.62
 206   -43.72
 207   -42.32
 208   -41.53
 209   -40.09
 210   -37.85
 211   -37.60
 212   -37.28
 213   -35.54
 214   -34.70
 215   -30.94
 216   -30.39
 217   -29.05
 218   -28.22
 219   -28.36
 220   -24.91
 221   -22.36
 222   -21.19
 223   -20.74
 224   -19.59
 225   -19.23
 226   -18.12
 227   -17.95
 228   -17.07
 229   -14.53
 230   -12.91
 231   -12.58
 232   -12.16
 233    -9.28
 234    -8.89
 235    -9.03
 236    -9.20
 237    -8.45
 238    -7.56
 239    -6.20
 240    -4.50
 241    -3.01
 242    -3.03
 243    -1.65
 244     4.09
 245     4.12
 246     4.48
 247     4.84
 248     4.79
 249     5.87
 250     6.44
 251     6.82
 252     6.64
 253     7.28
 254     7.64
 255     7.65
 256     8.91
 257    11.18
 258    11.89
 259    12.45
 260    13.34
 261    14.70
 262    14.48
 263    14.95
 264    14.51
 265    16.31
 266    16.81
 267    17.63
 268    19.70
 269    20.92
 270    21.65
 271    23.19
 272    27.12
 273    27.62
 274    28.55
 275    30.03
 276    30.91
 277    31.29
 278    32.68
 279    33.74
 280    34.94
 281    36.65
 282    37.47
 283    39.14
 284    41.85
 285    42.25
 286    43.71
 287    43.79
 288    44.56
 289    45.02
 290    45.21
 291    45.76
 292    45.68
 293    45.45
 294    46.79
 295    47.69
 296    48.20
 297    49.88
 298    50.11
 299    50.67
 300    51.51
 301    51.29
 302    50.86
 303    51.83
 304    52.35
 305    52.12
 306    51.37
 307    50.76
 308    50.18
 309    49.84
 310    49.16
 311    48.41
 312    47.69
 313    47.07
 314    46.52
 315    45.71
 316    44.94
 317    44.50
 318    43.68
 319    42.83
 320    42.09
 321    41.30
 322    40.51
 323    39.61
 324    38.70
 325    37.79
 326    36.92
 327    36.03
 328    35.12
 329    34.20
 330    33.28
 331    32.35
 332    31.44
 333    30.51
 334    29.58
 335    28.66
 336    27.73
 337    26.87
 338    25.94
 339    25.02
 340    24.09
 341    23.17
 342    22.24
 343    21.32
 344    20.39
 345    19.46
 346    18.54
 347    17.61
 348    16.68
 349    15.76
 350    14.83
 351    13.90
 352    12.98
 353    12.05
 354    11.12
 355    10.20
 356     9.27
 357     8.34
 358     7.42
 359     6.49
 360     5.56
 361     4.64
 362     3.71
 363     2.78
 364     1.86
 365     0.93
 366     0.00
