  01    -0.91
  02    -1.25
  03    -2.16
  04    -2.84
  05    -3.75
  06    -4.66
  07    -5.58
  08    -6.49
  09    -7.40
  10    -8.21
  11    -9.06
  12    -9.53
  13   -10.40
  14   -10.87
  15   -11.73
  16   -12.41
  17   -13.26
  18   -13.97
  19   -14.83
  20   -15.75
  21   -16.53
  22   -17.33
  23   -18.24
  24   -19.16
  25   -19.09
  26   -19.75
  27   -20.61
  28   -21.43
  29   -22.34
  30   -23.14
  31   -23.93
  32   -24.83
  33   -25.75
  34   -26.66
  35   -27.45
  36   -28.03
  37   -28.82
  38   -29.39
  39   -30.07
  40   -30.93
  41   -31.80
  42   -32.19
  43   -32.97
  44   -33.66
  45   -33.99
  46   -34.90
  47   -35.44
  48   -36.34
  49   -36.98
  50   -37.74
  51   -38.48
  52   -39.28
  53   -40.11
  54   -40.32
  55   -41.05
  56   -41.48
  57   -41.11
  58   -40.49
  59   -40.96
  60   -41.56
  61   -41.31
  62   -40.96
  63   -41.87
  64   -42.35
  65   -43.19
  66   -43.58
  67   -42.88
  68   -43.28
  69   -44.08
  70   -44.84
  71   -44.50
  72   -44.56
  73   -44.71
  74   -45.13
  75   -45.29
  76   -44.66
  77   -45.25
  78   -45.78
  79   -46.60
  80   -46.26
  81   -46.09
  82   -46.16
  83   -45.40
  84   -45.78
  85   -45.69
  86   -45.87
  87   -46.27
  88   -45.83
  89   -45.85
  90   -46.56
  91   -47.04
  92   -46.67
  93   -46.72
  94   -45.90
  95   -45.02
  96   -45.23
  97   -44.34
  98   -44.41
  99   -44.17
 100   -42.56
 101   -43.41
 102   -43.79
 103   -44.11
 104   -43.94
 105   -44.39
 106   -43.15
 107   -42.55
 108   -42.12
 109   -41.16
 110   -39.13
 111   -38.70
 112   -37.74
 113   -37.82
 114   -36.87
 115   -36.31
 116   -36.29
 117   -37.06
 118   -35.64
 119   -35.37
 120   -33.37
 121   -31.93
 122   -31.66
 123   -29.26
 124   -27.28
 125   -26.46
 126   -25.77
 127   -24.25
 128   -23.09
 129   -23.17
 130   -21.70
 131   -21.88
 132   -20.89
 133   -20.13
 134   -19.74
 135   -18.88
 136   -18.30
 137   -16.99
 138   -16.42
 139   -15.93
 140   -16.60
 141   -15.15
 142   -14.99
 143   -14.16
 144   -13.24
 145   -12.89
 146   -11.92
 147    -9.98
 148    -9.37
 149    -8.64
 150    -9.07
 151    -8.51
 152    -6.97
 153    -3.30
 154    -1.41
 155    -0.59
 156     0.90
 157     4.66
 158     6.58
 159    11.32
 160    14.25
 161    16.62
 162    20.04
 163    22.94
 164    25.55
 165    27.74
 166    29.78
 167    32.00
 168    34.37
 169    38.14
 170    43.44
 171    44.92
 172    45.59
 173    48.59
 174    49.86
 175    51.58
 176    52.41
 177    54.15
 178    54.36
 179    55.75
 180    56.64
 181    57.73
 182    57.72
 183    58.66
 184    59.81
 185    59.25
 186    59.52
 187    59.86
 188    60.21
 189    60.99
 190    60.83
 191    61.77
 192    63.59
 193    63.45
 194    62.98
 195    62.26
 196    62.15
 197    61.91
 198    61.96
 199    61.13
 200    60.36
 201    60.54
 202    60.16
 203    59.57
 204    58.96
 205    59.70
 206    58.94
 207    58.17
 208    57.41
 209    56.73
 210    55.95
 211    56.97
 212    56.23
 213    55.45
 214    54.68
 215    54.98
 216    55.39
 217    54.76
 218    54.16
 219    53.73
 220    52.91
 221    52.21
 222    51.56
 223    51.00
 224    50.23
 225    50.01
 226    49.29
 227    49.24
 228    48.43
 229    47.95
 230    47.38
 231    46.50
 232    45.71
 233    45.28
 234    44.60
 235    43.93
 236    43.39
 237    42.92
 238    42.17
 239    41.32
 240    41.14
 241    40.46
 242    40.43
 243    39.64
 244    38.91
 245    38.08
 246    37.98
 247    37.62
 248    38.32
 249    37.96
 250    37.64
 251    36.93
 252    37.30
 253    37.21
 254    37.39
 255    36.81
 256    36.04
 257    36.06
 258    36.75
 259    36.16
 260    36.41
 261    36.27
 262    37.00
 263    36.74
 264    37.45
 265    36.91
 266    36.36
 267    36.44
 268    35.71
 269    35.70
 270    37.68
 271    38.46
 272    39.47
 273    39.08
 274    38.92
 275    39.09
 276    38.45
 277    38.89
 278    38.45
 279    38.94
 280    38.82
 281    39.32
 282    38.81
 283    38.53
 284    39.06
 285    39.28
 286    38.51
 287    38.43
 288    38.17
 289    39.88
 290    39.98
 291    39.92
 292    39.38
 293    39.71
 294    39.76
 295    39.52
 296    39.40
 297    39.13
 298    38.76
 299    38.88
 300    39.04
 301    38.56
 302    38.12
 303    37.59
 304    37.47
 305    37.47
 306    36.92
 307    36.42
 308    35.94
 309    35.05
 310    34.57
 311    34.84
 312    34.00
 313    33.23
 314    32.84
 315    32.68
 316    32.26
 317    31.44
 318    31.60
 319    30.77
 320    30.01
 321    29.12
 322    28.58
 323    27.92
 324    27.13
 325    26.29
 326    25.42
 327    25.15
 328    24.27
 329    23.37
 330    22.63
 331    23.10
 332    22.24
 333    22.28
 334    21.69
 335    21.83
 336    21.32
 337    20.79
 338    20.15
 339    19.30
 340    18.53
 341    17.86
 342    17.01
 343    16.44
 344    15.52
 345    14.83
 346    14.82
 347    14.79
 348    13.88
 349    13.05
 350    12.41
 351    11.59
 352    10.68
 353    10.02
 354     9.12
 355     8.22
 356     7.31
 357     7.44
 358     6.52
 359     5.61
 360     4.94
 361     4.08
 362     3.50
 363     2.59
 364     1.69
 365     0.91
 366    -0.00
