  01    -0.82
  02    -1.64
  03    -2.46
  04    -2.23
  05    -3.05
  06    -3.63
  07    -4.34
  08    -5.16
  09    -5.96
  10    -6.64
  11    -7.22
  12    -8.04
  13    -8.86
  14    -9.43
  15   -10.25
  16   -11.07
  17   -11.89
  18   -12.36
  19   -13.03
  20   -13.60
  21   -14.34
  22   -15.08
  23   -15.90
  24   -16.72
  25   -17.49
  26   -18.21
  27   -19.02
  28   -19.71
  29   -20.08
  30   -20.67
  31   -21.49
  32   -22.31
  33   -23.13
  34   -23.73
  35   -23.54
  36   -24.31
  37   -25.08
  38   -25.81
  39   -26.39
  40   -27.18
  41   -27.66
  42   -28.09
  43   -28.63
  44   -29.35
  45   -29.55
  46   -30.37
  47   -30.83
  48   -31.64
  49   -31.71
  50   -32.23
  51   -32.75
  52   -33.55
  53   -34.21
  54   -35.01
  55   -35.15
  56   -35.56
  57   -35.89
  58   -36.39
  59   -37.21
  60   -37.82
  61   -38.46
  62   -39.16
  63   -39.65
  64   -39.77
  65   -40.45
  66   -40.96
  67   -40.91
  68   -40.88
  69   -41.66
  70   -42.35
  71   -42.49
  72   -42.53
  73   -42.75
  74   -42.52
  75   -42.64
  76   -41.49
  77   -41.65
  78   -42.34
  79   -42.37
  80   -42.25
  81   -42.70
  82   -42.49
  83   -42.23
  84   -42.97
  85   -43.25
  86   -43.01
  87   -43.00
  88   -43.07
  89   -42.88
  90   -43.58
  91   -43.69
  92   -43.60
  93   -43.74
  94   -42.95
  95   -42.85
  96   -42.83
  97   -42.46
  98   -41.69
  99   -41.48
 100   -40.78
 101   -41.48
 102   -41.46
 103   -40.38
 104   -40.78
 105   -39.68
 106   -38.07
 107   -37.09
 108   -36.39
 109   -36.33
 110   -35.07
 111   -34.61
 112   -33.53
 113   -32.73
 114   -30.89
 115   -30.61
 116   -30.32
 117   -29.43
 118   -28.82
 119   -28.32
 120   -27.29
 121   -25.92
 122   -25.86
 123   -25.18
 124   -24.54
 125   -23.88
 126   -23.28
 127   -21.15
 128   -18.91
 129   -18.25
 130   -17.69
 131   -17.37
 132   -15.95
 133   -16.02
 134   -15.51
 135   -15.42
 136   -14.14
 137   -12.66
 138   -11.23
 139   -10.38
 140    -9.63
 141    -9.14
 142    -8.57
 143    -8.35
 144    -6.58
 145    -6.77
 146    -6.63
 147    -4.11
 148    -3.33
 149    -1.51
 150    -1.67
 151    -0.60
 152    -0.42
 153     2.25
 154     2.87
 155     4.07
 156     8.26
 157    11.98
 158    14.21
 159    16.43
 160    20.02
 161    24.10
 162    28.30
 163    30.03
 164    32.56
 165    34.51
 166    36.90
 167    38.56
 168    41.17
 169    44.39
 170    49.19
 171    51.37
 172    52.21
 173    55.18
 174    55.26
 175    55.89
 176    58.99
 177    62.60
 178    63.07
 179    65.31
 180    67.34
 181    68.27
 182    68.61
 183    70.61
 184    71.45
 185    71.84
 186    71.78
 187    72.14
 188    72.99
 189    73.24
 190    72.53
 191    72.70
 192    73.65
 193    73.71
 194    72.99
 195    72.30
 196    72.19
 197    72.23
 198    72.20
 199    71.47
 200    70.66
 201    69.90
 202    69.19
 203    68.43
 204    67.63
 205    67.03
 206    66.24
 207    65.46
 208    64.69
 209    64.17
 210    63.36
 211    63.06
 212    64.14
 213    64.26
 214    63.52
 215    63.04
 216    62.44
 217    61.79
 218    61.67
 219    61.09
 220    60.45
 221    59.76
 222    58.98
 223    58.69
 224    58.20
 225    58.03
 226    57.25
 227    56.51
 228    56.55
 229    55.94
 230    55.14
 231    54.34
 232    53.61
 233    53.39
 234    52.64
 235    51.94
 236    51.23
 237    50.49
 238    49.67
 239    48.97
 240    48.40
 241    47.62
 242    46.89
 243    47.35
 244    47.27
 245    46.53
 246    46.61
 247    45.80
 248    45.48
 249    45.56
 250    44.84
 251    44.29
 252    43.54
 253    43.37
 254    42.74
 255    42.04
 256    41.31
 257    41.10
 258    41.73
 259    41.17
 260    41.53
 261    40.95
 262    40.63
 263    40.24
 264    40.29
 265    40.25
 266    40.19
 267    39.57
 268    38.83
 269    38.74
 270    38.63
 271    38.09
 272    37.89
 273    37.81
 274    37.56
 275    37.20
 276    36.84
 277    36.63
 278    37.22
 279    37.22
 280    36.70
 281    36.27
 282    35.57
 283    35.27
 284    35.63
 285    35.69
 286    35.23
 287    35.09
 288    36.61
 289    37.27
 290    37.68
 291    37.49
 292    37.49
 293    37.31
 294    36.82
 295    36.31
 296    36.61
 297    37.51
 298    37.65
 299    37.70
 300    37.97
 301    37.62
 302    37.04
 303    36.56
 304    36.53
 305    36.36
 306    35.84
 307    35.72
 308    35.55
 309    34.75
 310    34.54
 311    34.34
 312    34.00
 313    33.35
 314    33.03
 315    32.39
 316    31.64
 317    31.15
 318    30.77
 319    29.97
 320    29.66
 321    29.42
 322    28.63
 323    27.98
 324    27.26
 325    26.46
 326    25.97
 327    25.26
 328    24.44
 329    23.62
 330    22.95
 331    22.26
 332    21.68
 333    21.62
 334    20.84
 335    21.12
 336    20.66
 337    19.95
 338    19.13
 339    18.31
 340    17.68
 341    16.93
 342    16.21
 343    15.38
 344    14.57
 345    13.93
 346    13.45
 347    13.52
 348    12.82
 349    12.02
 350    11.65
 351    10.83
 352    10.01
 353     9.20
 354     8.37
 355     7.88
 356     7.05
 357     6.64
 358     5.95
 359     5.32
 360     4.57
 361     3.77
 362     3.10
 363     2.28
 364     1.48
 365     0.82
 366    -0.00
