  01    -0.93
  02    -1.86
  03    -2.79
  04    -3.73
  05    -4.66
  06    -5.59
  07    -6.52
  08    -7.45
  09    -8.38
  10    -9.31
  11   -10.24
  12   -11.17
  13   -12.10
  14   -13.03
  15   -13.95
  16   -14.88
  17   -15.81
  18   -16.73
  19   -17.66
  20   -18.59
  21   -19.52
  22   -20.45
  23   -21.38
  24   -22.31
  25   -23.24
  26   -24.17
  27   -25.10
  28   -26.03
  29   -26.95
  30   -27.88
  31   -28.81
  32   -29.74
  33   -30.67
  34   -31.59
  35   -32.49
  36   -33.41
  37   -34.33
  38   -35.23
  39   -36.14
  40   -37.06
  41   -37.99
  42   -38.91
  43   -39.82
  44   -40.74
  45   -41.66
  46   -42.55
  47   -43.45
  48   -44.36
  49   -45.23
  50   -46.13
  51   -46.89
  52   -47.75
  53   -48.62
  54   -49.51
  55   -50.31
  56   -51.16
  57   -52.01
  58   -52.83
  59   -53.56
  60   -54.27
  61   -55.03
  62   -55.70
  63   -56.33
  64   -56.98
  65   -57.78
  66   -58.48
  67   -59.16
  68   -59.94
  69   -60.58
  70   -60.99
  71   -61.30
  72   -61.90
  73   -62.64
  74   -63.35
  75   -64.10
  76   -64.85
  77   -65.31
  78   -65.80
  79   -66.51
  80   -67.15
  81   -67.67
  82   -68.20
  83   -68.77
  84   -68.80
  85   -69.27
  86   -69.97
  87   -70.73
  88   -71.17
  89   -71.77
  90   -72.39
  91   -73.01
  92   -73.83
  93   -74.37
  94   -75.16
  95   -75.86
  96   -76.39
  97   -76.94
  98   -77.11
  99   -76.59
 100   -75.11
 101   -75.29
 102   -75.52
 103   -76.11
 104   -76.66
 105   -76.95
 106   -77.18
 107   -77.43
 108   -77.66
 109   -78.21
 110   -78.44
 111   -79.12
 112   -79.39
 113   -80.13
 114   -80.73
 115   -81.09
 116   -81.55
 117   -81.86
 118   -81.90
 119   -81.67
 120   -82.19
 121   -82.59
 122   -83.17
 123   -83.81
 124   -84.15
 125   -83.89
 126   -84.13
 127   -82.47
 128   -82.76
 129   -83.42
 130   -83.55
 131   -82.46
 132   -83.01
 133   -83.10
 134   -83.01
 135   -82.75
 136   -81.91
 137   -80.80
 138   -80.47
 139   -78.60
 140   -76.87
 141   -77.40
 142   -77.55
 143   -77.40
 144   -77.30
 145   -76.35
 146   -76.30
 147   -75.35
 148   -72.60
 149   -72.27
 150   -71.62
 151   -69.27
 152   -67.61
 153   -65.96
 154   -65.89
 155   -65.70
 156   -65.19
 157   -65.43
 158   -64.53
 159   -63.49
 160   -62.78
 161   -62.26
 162   -60.31
 163   -59.95
 164   -58.98
 165   -58.48
 166   -58.78
 167   -58.26
 168   -57.92
 169   -56.92
 170   -55.19
 171   -52.51
 172   -52.13
 173   -51.20
 174   -50.59
 175   -50.12
 176   -49.76
 177   -46.97
 178   -47.31
 179   -47.57
 180   -47.36
 181   -46.62
 182   -46.05
 183   -46.31
 184   -45.85
 185   -44.55
 186   -43.62
 187   -42.66
 188   -42.33
 189   -42.15
 190   -41.18
 191   -40.05
 192   -39.40
 193   -39.50
 194   -39.69
 195   -35.41
 196   -34.58
 197   -34.22
 198   -33.68
 199   -33.25
 200   -32.97
 201   -32.88
 202   -30.83
 203   -29.90
 204   -28.26
 205   -27.88
 206   -27.49
 207   -25.30
 208   -24.46
 209   -21.65
 210   -19.14
 211   -18.25
 212   -17.79
 213   -16.97
 214   -14.88
 215   -12.34
 216   -11.59
 217    -9.96
 218    -8.14
 219    -7.78
 220    -5.69
 221    -4.32
 222    -2.20
 223    -1.71
 224     0.45
 225     0.49
 226     2.12
 227     1.71
 228     2.70
 229     3.46
 230     3.80
 231     4.29
 232     5.43
 233     9.62
 234    10.41
 235    10.10
 236     9.90
 237    10.48
 238    11.21
 239    12.88
 240    13.12
 241    12.93
 242    12.47
 243    12.45
 244    16.38
 245    16.16
 246    17.24
 247    17.83
 248    18.27
 249    18.60
 250    20.52
 251    20.90
 252    20.84
 253    21.15
 254    22.71
 255    22.42
 256    22.87
 257    25.48
 258    25.74
 259    27.54
 260    28.68
 261    28.89
 262    28.60
 263    28.74
 264    28.47
 265    30.18
 266    29.95
 267    30.87
 268    31.25
 269    32.27
 270    32.73
 271    34.11
 272    35.33
 273    35.44
 274    36.56
 275    37.30
 276    38.09
 277    38.64
 278    39.25
 279    39.17
 280    39.90
 281    41.61
 282    43.61
 283    45.46
 284    46.24
 285    46.91
 286    48.39
 287    48.41
 288    48.42
 289    49.89
 290    50.19
 291    50.11
 292    49.94
 293    49.99
 294    50.15
 295    50.82
 296    51.21
 297    51.54
 298    52.15
 299    52.43
 300    52.42
 301    52.03
 302    51.43
 303    51.80
 304    52.76
 305    52.36
 306    51.60
 307    51.05
 308    50.44
 309    49.90
 310    49.19
 311    48.67
 312    48.09
 313    47.43
 314    46.67
 315    45.99
 316    45.27
 317    44.77
 318    44.02
 319    43.15
 320    42.40
 321    41.61
 322    40.73
 323    39.84
 324    38.94
 325    38.01
 326    37.13
 327    36.23
 328    35.30
 329    34.37
 330    33.45
 331    32.52
 332    31.59
 333    30.66
 334    29.74
 335    28.82
 336    27.89
 337    26.96
 338    26.04
 339    25.14
 340    24.21
 341    23.29
 342    22.36
 343    21.43
 344    20.50
 345    19.57
 346    18.63
 347    17.70
 348    16.77
 349    15.84
 350    14.91
 351    13.98
 352    13.05
 353    12.11
 354    11.18
 355    10.25
 356     9.32
 357     8.39
 358     7.46
 359     6.52
 360     5.59
 361     4.66
 362     3.73
 363     2.80
 364     1.87
 365     0.93
 366     0.00
