  01    -0.76
  02    -1.63
  03    -2.49
  04    -3.36
  05    -4.17
  06    -4.92
  07    -5.69
  08    -6.55
  09    -7.30
  10    -8.17
  11    -9.00
  12    -9.86
  13   -10.66
  14   -11.50
  15   -12.36
  16   -12.91
  17   -13.76
  18   -14.62
  19   -15.48
  20   -16.16
  21   -17.02
  22   -17.87
  23   -18.54
  24   -19.40
  25   -20.20
  26   -21.06
  27   -21.93
  28   -22.31
  29   -23.18
  30   -24.04
  31   -24.90
  32   -25.77
  33   -26.48
  34   -26.85
  35   -27.72
  36   -28.29
  37   -29.14
  38   -30.00
  39   -30.43
  40   -31.25
  41   -31.73
  42   -32.52
  43   -33.32
  44   -33.99
  45   -34.06
  46   -34.08
  47   -34.62
  48   -35.15
  49   -35.04
  50   -35.62
  51   -36.14
  52   -36.88
  53   -37.57
  54   -37.91
  55   -38.28
  56   -36.85
  57   -37.44
  58   -37.80
  59   -38.01
  60   -37.81
  61   -38.48
  62   -39.34
  63   -39.54
  64   -40.11
  65   -40.32
  66   -40.77
  67   -40.84
  68   -40.44
  69   -39.58
  70   -39.78
  71   -40.24
  72   -40.56
  73   -40.67
  74   -39.94
  75   -40.64
  76   -40.49
  77   -40.59
  78   -41.16
  79   -40.34
  80   -40.03
  81   -39.56
  82   -40.12
  83   -39.39
  84   -39.66
  85   -40.07
  86   -40.03
  87   -40.80
  88   -41.38
  89   -41.98
  90   -42.54
  91   -40.72
  92   -40.30
  93   -39.64
  94   -39.58
  95   -39.65
  96   -40.20
  97   -39.83
  98   -40.34
  99   -40.05
 100   -40.27
 101   -39.73
 102   -40.16
 103   -40.28
 104   -39.79
 105   -38.99
 106   -37.90
 107   -36.37
 108   -33.67
 109   -32.71
 110   -33.15
 111   -33.70
 112   -33.72
 113   -33.88
 114   -33.06
 115   -32.87
 116   -31.00
 117   -30.43
 118   -29.63
 119   -28.52
 120   -27.53
 121   -27.32
 122   -26.56
 123   -25.90
 124   -24.62
 125   -23.73
 126   -23.05
 127   -22.50
 128   -21.69
 129   -20.45
 130   -20.09
 131   -18.15
 132   -17.46
 133   -15.44
 134   -15.30
 135   -14.57
 136   -14.27
 137   -13.57
 138   -12.70
 139   -12.46
 140   -11.83
 141    -9.64
 142    -7.85
 143    -6.87
 144    -6.18
 145    -5.28
 146    -2.74
 147     0.82
 148     3.07
 149     4.24
 150     7.08
 151     7.65
 152     9.83
 153    13.07
 154    15.49
 155    19.31
 156    22.66
 157    23.93
 158    24.28
 159    25.55
 160    27.96
 161    29.30
 162    33.39
 163    40.30
 164    43.07
 165    44.96
 166    48.00
 167    49.17
 168    50.01
 169    50.73
 170    52.04
 171    54.21
 172    55.14
 173    56.31
 174    56.92
 175    57.56
 176    57.53
 177    59.44
 178    60.54
 179    61.46
 180    62.39
 181    62.30
 182    64.60
 183    64.65
 184    65.93
 185    66.30
 186    66.95
 187    67.66
 188    68.33
 189    68.68
 190    68.17
 191    67.99
 192    67.46
 193    66.78
 194    67.02
 195    66.76
 196    66.94
 197    66.58
 198    66.41
 199    66.71
 200    66.46
 201    66.14
 202    65.50
 203    64.68
 204    64.24
 205    63.77
 206    62.99
 207    62.51
 208    61.69
 209    60.84
 210    60.76
 211    60.57
 212    59.78
 213    59.29
 214    58.66
 215    57.79
 216    57.11
 217    56.43
 218    55.65
 219    54.90
 220    54.09
 221    53.25
 222    52.43
 223    51.65
 224    50.78
 225    50.20
 226    49.51
 227    48.87
 228    48.05
 229    47.32
 230    46.75
 231    46.08
 232    45.66
 233    45.61
 234    44.78
 235    44.00
 236    43.58
 237    43.74
 238    43.39
 239    42.59
 240    42.50
 241    42.03
 242    41.29
 243    40.63
 244    40.33
 245    39.80
 246    39.29
 247    38.82
 248    38.05
 249    37.46
 250    37.21
 251    37.10
 252    36.79
 253    36.19
 254    36.88
 255    36.33
 256    35.58
 257    35.19
 258    35.28
 259    35.03
 260    36.12
 261    36.13
 262    35.59
 263    35.87
 264    35.11
 265    35.09
 266    34.40
 267    34.51
 268    34.76
 269    34.55
 270    34.47
 271    34.27
 272    33.94
 273    34.14
 274    34.35
 275    34.15
 276    33.75
 277    33.41
 278    34.95
 279    34.34
 280    34.37
 281    35.02
 282    35.07
 283    35.39
 284    36.62
 285    36.52
 286    36.08
 287    35.86
 288    36.97
 289    36.29
 290    37.02
 291    37.91
 292    38.92
 293    38.54
 294    37.88
 295    37.79
 296    37.71
 297    39.18
 298    39.44
 299    39.32
 300    39.36
 301    39.25
 302    39.68
 303    39.31
 304    38.93
 305    38.70
 306    38.04
 307    37.85
 308    38.14
 309    38.28
 310    37.89
 311    37.17
 312    36.39
 313    35.86
 314    35.57
 315    34.84
 316    34.00
 317    33.37
 318    32.70
 319    32.13
 320    31.42
 321    30.79
 322    30.53
 323    29.78
 324    29.17
 325    28.70
 326    28.37
 327    27.65
 328    26.94
 329    26.56
 330    26.28
 331    25.65
 332    25.00
 333    24.14
 334    23.47
 335    22.67
 336    22.76
 337    21.92
 338    22.03
 339    21.24
 340    20.57
 341    19.71
 342    19.25
 343    18.70
 344    17.87
 345    17.23
 346    16.40
 347    15.55
 348    14.70
 349    13.84
 350    13.00
 351    12.17
 352    11.58
 353    10.89
 354    10.02
 355     9.18
 356     8.36
 357     7.53
 358     6.69
 359     5.86
 360     4.99
 361     4.13
 362     3.26
 363     2.40
 364     1.74
 365     0.87
 366     0.01
