  01    -0.86
  02    -1.92
  03    -2.95
  04    -3.86
  05    -4.92
  06    -5.50
  07    -6.53
  08    -7.56
  09    -8.62
  10    -9.39
  11   -10.44
  12   -11.50
  13   -12.56
  14   -12.98
  15   -14.04
  16   -15.10
  17   -16.05
  18   -16.91
  19   -17.97
  20   -18.84
  21   -19.90
  22   -20.96
  23   -22.01
  24   -23.07
  25   -24.13
  26   -24.48
  27   -25.46
  28   -26.29
  29   -26.54
  30   -27.57
  31   -28.62
  32   -29.62
  33   -30.68
  34   -31.73
  35   -32.16
  36   -33.04
  37   -34.10
  38   -35.01
  39   -34.71
  40   -35.77
  41   -36.62
  42   -36.87
  43   -36.72
  44   -37.78
  45   -38.65
  46   -39.38
  47   -40.37
  48   -41.08
  49   -41.92
  50   -42.63
  51   -43.33
  52   -44.00
  53   -44.49
  54   -45.16
  55   -45.92
  56   -46.19
  57   -46.06
  58   -46.34
  59   -46.24
  60   -47.04
  61   -47.11
  62   -47.02
  63   -47.45
  64   -47.26
  65   -47.80
  66   -48.68
  67   -47.92
  68   -48.72
  69   -48.20
  70   -49.12
  71   -49.89
  72   -48.28
  73   -48.88
  74   -49.88
  75   -50.53
  76   -47.94
  77   -46.83
  78   -47.42
  79   -46.52
  80   -44.88
  81   -45.21
  82   -45.60
  83   -44.53
  84   -43.63
  85   -43.17
  86   -42.17
  87   -42.50
  88   -42.49
  89   -42.26
  90   -42.64
  91   -42.94
  92   -43.00
  93   -42.40
  94   -42.43
  95   -42.35
  96   -40.40
  97   -37.49
  98   -36.54
  99   -36.07
 100   -35.69
 101   -35.86
 102   -36.58
 103   -37.21
 104   -37.69
 105   -37.13
 106   -36.03
 107   -35.25
 108   -35.36
 109   -35.63
 110   -35.28
 111   -35.26
 112   -34.34
 113   -32.67
 114   -32.45
 115   -32.72
 116   -32.70
 117   -32.75
 118   -32.08
 119   -32.49
 120   -31.13
 121   -30.02
 122   -30.80
 123   -30.77
 124   -29.79
 125   -29.25
 126   -29.07
 127   -28.24
 128   -27.10
 129   -27.60
 130   -24.69
 131   -23.60
 132   -22.54
 133   -23.20
 134   -23.60
 135   -23.17
 136   -22.21
 137   -22.34
 138   -21.94
 139   -21.10
 140   -20.32
 141   -20.63
 142   -19.21
 143   -17.46
 144   -16.53
 145   -16.78
 146   -16.44
 147   -15.73
 148   -15.42
 149   -14.76
 150   -14.96
 151   -15.73
 152   -14.13
 153   -13.84
 154   -13.58
 155   -13.20
 156   -11.97
 157    -9.51
 158    -7.37
 159    -5.71
 160     1.07
 161     2.82
 162     3.17
 163     4.62
 164     5.92
 165     7.31
 166     8.86
 167    12.90
 168    15.11
 169    16.44
 170    17.70
 171    20.79
 172    22.32
 173    22.66
 174    25.05
 175    27.86
 176    27.16
 177    29.09
 178    30.24
 179    31.25
 180    32.28
 181    33.07
 182    33.50
 183    33.15
 184    32.78
 185    32.94
 186    34.08
 187    33.79
 188    33.21
 189    33.42
 190    33.81
 191    33.81
 192    33.65
 193    33.26
 194    32.44
 195    32.08
 196    32.31
 197    33.39
 198    33.05
 199    32.38
 200    31.48
 201    30.55
 202    30.44
 203    29.69
 204    29.71
 205    29.13
 206    28.09
 207    27.16
 208    26.70
 209    25.80
 210    24.74
 211    24.40
 212    24.16
 213    24.40
 214    24.14
 215    25.04
 216    24.49
 217    24.18
 218    24.08
 219    23.27
 220    22.49
 221    21.58
 222    20.74
 223    19.84
 224    20.22
 225    21.28
 226    20.58
 227    19.57
 228    19.55
 229    18.68
 230    17.89
 231    17.71
 232    16.65
 233    15.63
 234    14.93
 235    14.76
 236    13.70
 237    13.11
 238    12.96
 239    12.31
 240    13.36
 241    12.32
 242    11.78
 243    11.09
 244    10.18
 245     9.45
 246     9.20
 247     8.14
 248     8.45
 249     8.83
 250     8.09
 251     8.26
 252     7.38
 253     8.92
 254     8.84
 255     8.04
 256     7.24
 257     6.36
 258     6.89
 259     7.27
 260     8.02
 261     7.74
 262     7.98
 263     8.21
 264     8.93
 265    10.04
 266    11.03
 267    13.10
 268    14.35
 269    14.11
 270    17.26
 271    17.00
 272    17.37
 273    18.41
 274    18.64
 275    18.91
 276    19.09
 277    18.61
 278    18.06
 279    20.03
 280    20.19
 281    20.13
 282    20.14
 283    20.11
 284    21.63
 285    21.63
 286    21.93
 287    21.32
 288    21.07
 289    22.16
 290    22.41
 291    22.43
 292    21.89
 293    23.44
 294    24.77
 295    24.17
 296    25.20
 297    24.96
 298    25.96
 299    27.78
 300    27.67
 301    28.14
 302    29.08
 303    29.99
 304    30.51
 305    30.01
 306    30.18
 307    31.56
 308    31.20
 309    30.27
 310    30.68
 311    30.58
 312    30.00
 313    29.84
 314    30.31
 315    29.67
 316    29.57
 317    29.85
 318    29.38
 319    28.81
 320    28.08
 321    28.27
 322    27.95
 323    28.47
 324    27.95
 325    27.95
 326    27.86
 327    27.06
 328    27.29
 329    26.51
 330    26.65
 331    26.77
 332    26.54
 333    26.41
 334    26.81
 335    27.02
 336    26.25
 337    25.25
 338    24.31
 339    23.25
 340    22.92
 341    22.15
 342    21.35
 343    20.41
 344    19.36
 345    18.97
 346    17.97
 347    17.57
 348    16.52
 349    15.58
 350    14.55
 351    13.49
 352    12.43
 353    11.37
 354    10.35
 355     9.29
 356     8.23
 357     7.32
 358     7.39
 359     6.33
 360     5.85
 361     4.79
 362     4.16
 363     3.13
 364     2.07
 365     1.06
 366    -0.00
