  01    -1.01
  02    -2.01
  03    -3.02
  04    -4.02
  05    -5.02
  06    -6.03
  07    -7.03
  08    -8.04
  09    -9.04
  10   -10.05
  11   -11.05
  12   -12.06
  13   -13.07
  14   -14.07
  15   -15.07
  16   -16.07
  17   -17.08
  18   -18.08
  19   -19.08
  20   -20.08
  21   -21.08
  22   -22.08
  23   -23.07
  24   -24.08
  25   -25.07
  26   -26.07
  27   -27.06
  28   -28.06
  29   -29.06
  30   -30.07
  31   -31.06
  32   -32.05
  33   -33.03
  34   -34.02
  35   -34.94
  36   -35.93
  37   -36.91
  38   -37.82
  39   -38.81
  40   -39.80
  41   -40.78
  42   -41.75
  43   -42.73
  44   -43.71
  45   -44.67
  46   -45.55
  47   -46.33
  48   -47.22
  49   -48.11
  50   -48.99
  51   -49.90
  52   -50.74
  53   -51.60
  54   -52.31
  55   -53.11
  56   -53.77
  57   -54.56
  58   -55.41
  59   -56.08
  60   -56.69
  61   -57.28
  62   -57.74
  63   -58.40
  64   -58.75
  65   -59.49
  66   -60.03
  67   -60.44
  68   -61.02
  69   -61.39
  70   -61.52
  71   -61.53
  72   -61.70
  73   -62.10
  74   -62.67
  75   -63.20
  76   -63.76
  77   -63.87
  78   -64.04
  79   -64.31
  80   -64.85
  81   -65.16
  82   -65.71
  83   -65.82
  84   -65.81
  85   -66.23
  86   -66.70
  87   -67.10
  88   -67.06
  89   -67.33
  90   -67.38
  91   -68.03
  92   -68.47
  93   -68.80
  94   -69.45
  95   -69.66
  96   -70.14
  97   -69.98
  98   -70.25
  99   -69.98
 100   -69.89
 101   -70.23
 102   -70.41
 103   -70.76
 104   -71.04
 105   -71.15
 106   -70.99
 107   -71.02
 108   -71.26
 109   -71.33
 110   -71.28
 111   -71.73
 112   -72.29
 113   -72.81
 114   -73.08
 115   -73.44
 116   -73.79
 117   -73.53
 118   -74.08
 119   -74.16
 120   -74.61
 121   -74.76
 122   -75.12
 123   -75.99
 124   -75.61
 125   -75.54
 126   -75.86
 127   -75.25
 128   -75.18
 129   -75.67
 130   -75.46
 131   -75.20
 132   -75.26
 133   -75.48
 134   -75.48
 135   -75.45
 136   -75.38
 137   -75.57
 138   -75.92
 139   -74.76
 140   -73.83
 141   -74.25
 142   -74.35
 143   -73.77
 144   -74.22
 145   -73.53
 146   -73.92
 147   -73.20
 148   -72.73
 149   -73.44
 150   -72.37
 151   -71.13
 152   -70.62
 153   -70.59
 154   -70.70
 155   -70.44
 156   -69.87
 157   -69.91
 158   -69.18
 159   -68.41
 160   -67.90
 161   -67.68
 162   -65.70
 163   -66.01
 164   -65.56
 165   -65.08
 166   -65.53
 167   -65.44
 168   -65.31
 169   -65.37
 170   -63.72
 171   -61.22
 172   -61.22
 173   -60.72
 174   -60.77
 175   -60.23
 176   -60.67
 177   -57.95
 178   -57.81
 179   -58.36
 180   -58.42
 181   -58.41
 182   -58.27
 183   -58.43
 184   -58.13
 185   -57.06
 186   -56.64
 187   -56.89
 188   -57.26
 189   -57.59
 190   -56.30
 191   -56.00
 192   -55.55
 193   -55.85
 194   -56.26
 195   -54.54
 196   -54.06
 197   -53.66
 198   -53.73
 199   -53.69
 200   -53.46
 201   -53.26
 202   -51.07
 203   -50.41
 204   -48.71
 205   -47.94
 206   -47.78
 207   -45.14
 208   -44.65
 209   -41.81
 210   -40.04
 211   -39.02
 212   -38.06
 213   -37.83
 214   -36.64
 215   -35.75
 216   -34.66
 217   -33.84
 218   -32.47
 219   -32.17
 220   -31.11
 221   -29.89
 222   -26.52
 223   -26.25
 224   -24.05
 225   -23.86
 226   -21.17
 227   -21.44
 228   -19.69
 229   -18.94
 230   -18.52
 231   -17.94
 232   -16.25
 233   -11.47
 234   -10.47
 235   -10.66
 236   -10.54
 237    -9.56
 238    -9.03
 239    -8.20
 240    -7.98
 241    -7.42
 242    -7.67
 243    -7.03
 244    -2.93
 245    -2.98
 246    -2.16
 247    -1.55
 248    -1.36
 249    -0.23
 250     0.64
 251     0.88
 252     0.66
 253     1.52
 254     3.06
 255     3.48
 256     4.39
 257     7.01
 258     7.04
 259     8.87
 260     9.96
 261     9.81
 262    10.26
 263    10.82
 264    10.67
 265    12.67
 266    12.79
 267    14.17
 268    14.64
 269    16.61
 270    17.31
 271    17.95
 272    20.32
 273    21.10
 274    22.13
 275    23.31
 276    24.71
 277    26.36
 278    26.48
 279    27.00
 280    29.61
 281    32.54
 282    36.99
 283    38.68
 284    39.46
 285    41.06
 286    42.06
 287    42.18
 288    43.29
 289    45.18
 290    46.16
 291    46.62
 292    47.15
 293    47.56
 294    47.83
 295    48.89
 296    49.51
 297    50.13
 298    51.61
 299    52.33
 300    52.72
 301    52.48
 302    52.22
 303    53.67
 304    53.84
 305    53.38
 306    52.76
 307    52.29
 308    52.19
 309    51.98
 310    51.51
 311    50.98
 312    50.61
 313    49.96
 314    49.46
 315    49.02
 316    48.37
 317    48.01
 318    47.26
 319    46.33
 320    45.64
 321    44.82
 322    43.86
 323    42.87
 324    41.88
 325    40.91
 326    39.94
 327    39.08
 328    38.08
 329    37.07
 330    36.07
 331    35.07
 332    34.07
 333    33.07
 334    32.06
 335    31.06
 336    30.07
 337    29.09
 338    28.09
 339    27.15
 340    26.15
 341    25.15
 342    24.15
 343    23.14
 344    22.14
 345    21.13
 346    20.12
 347    19.12
 348    18.11
 349    17.11
 350    16.10
 351    15.09
 352    14.09
 353    13.08
 354    12.07
 355    11.07
 356    10.06
 357     9.06
 358     8.05
 359     7.04
 360     6.04
 361     5.03
 362     4.02
 363     3.02
 364     2.01
 365     1.00
 366    -0.00
