  01    -0.44
  02    -1.54
  03    -2.64
  04    -3.74
  05    -4.42
  06    -5.30
  07    -6.22
  08    -7.32
  09    -8.33
  10    -9.43
  11   -10.31
  12   -11.41
  13   -12.48
  14   -13.41
  15   -14.30
  16   -15.21
  17   -16.31
  18   -17.41
  19   -18.11
  20   -19.02
  21   -20.12
  22   -20.74
  23   -21.10
  24   -21.77
  25   -22.86
  26   -23.92
  27   -25.02
  28   -25.54
  29   -26.36
  30   -27.45
  31   -28.21
  32   -29.31
  33   -30.28
  34   -30.71
  35   -31.81
  36   -32.85
  37   -33.95
  38   -34.83
  39   -35.93
  40   -36.57
  41   -37.39
  42   -37.95
  43   -38.79
  44   -38.79
  45   -39.83
  46   -40.41
  47   -40.47
  48   -41.29
  49   -41.65
  50   -42.51
  51   -43.36
  52   -44.46
  53   -45.54
  54   -45.77
  55   -45.47
  56   -46.27
  57   -46.88
  58   -47.84
  59   -47.82
  60   -47.89
  61   -47.90
  62   -48.63
  63   -48.21
  64   -48.74
  65   -48.70
  66   -49.37
  67   -50.06
  68   -49.90
  69   -50.13
  70   -49.16
  71   -48.75
  72   -47.28
  73   -47.90
  74   -47.09
  75   -47.47
  76   -47.74
  77   -47.63
  78   -48.25
  79   -47.58
  80   -46.62
  81   -46.06
  82   -46.00
  83   -45.97
  84   -46.12
  85   -46.75
  86   -45.73
  87   -46.33
  88   -47.17
  89   -46.99
  90   -47.61
  91   -47.11
  92   -46.97
  93   -45.71
  94   -46.12
  95   -45.44
  96   -45.65
  97   -42.73
  98   -43.54
  99   -43.32
 100   -42.94
 101   -43.37
 102   -43.90
 103   -44.23
 104   -44.26
 105   -43.64
 106   -44.14
 107   -44.24
 108   -42.22
 109   -43.09
 110   -42.16
 111   -42.71
 112   -43.62
 113   -42.98
 114   -41.43
 115   -40.30
 116   -40.52
 117   -40.20
 118   -39.87
 119   -39.24
 120   -39.35
 121   -39.10
 122   -38.87
 123   -35.98
 124   -35.59
 125   -35.87
 126   -35.75
 127   -34.63
 128   -34.57
 129   -32.34
 130   -30.70
 131   -27.22
 132   -26.21
 133   -24.91
 134   -24.62
 135   -21.30
 136   -19.65
 137   -18.57
 138   -18.22
 139   -15.22
 140   -12.98
 141   -12.78
 142    -9.52
 143    -9.01
 144    -8.16
 145    -6.74
 146    -6.18
 147    -3.99
 148    -4.19
 149    -0.39
 150     1.44
 151     1.74
 152     2.87
 153     5.51
 154     7.13
 155    10.73
 156    12.70
 157    13.57
 158    14.08
 159    15.37
 160    17.91
 161    18.81
 162    19.80
 163    20.73
 164    21.59
 165    22.68
 166    23.74
 167    24.07
 168    24.50
 169    27.60
 170    28.01
 171    29.01
 172    29.60
 173    29.63
 174    30.51
 175    30.70
 176    31.64
 177    32.09
 178    32.47
 179    33.82
 180    34.78
 181    34.29
 182    34.51
 183    34.51
 184    35.06
 185    35.75
 186    36.20
 187    35.22
 188    34.85
 189    34.15
 190    33.23
 191    33.48
 192    33.30
 193    32.98
 194    32.76
 195    31.72
 196    31.80
 197    33.41
 198    32.87
 199    32.18
 200    31.47
 201    31.73
 202    30.79
 203    29.76
 204    29.41
 205    28.93
 206    27.94
 207    27.39
 208    26.56
 209    25.47
 210    24.75
 211    23.96
 212    22.96
 213    22.89
 214    22.00
 215    20.92
 216    20.10
 217    19.25
 218    18.45
 219    17.40
 220    16.41
 221    16.48
 222    15.54
 223    14.53
 224    13.60
 225    12.76
 226    11.88
 227    10.85
 228    10.10
 229     9.75
 230     9.07
 231     8.04
 232     7.69
 233     7.11
 234     6.12
 235     5.41
 236     5.05
 237     5.64
 238     4.97
 239     3.92
 240     2.93
 241     3.06
 242     2.40
 243     1.88
 244     1.61
 245     0.61
 246    -0.01
 247    -0.31
 248     0.33
 249     0.01
 250     0.40
 251     0.62
 252     0.57
 253    -0.16
 254     1.63
 255     1.36
 256     0.86
 257     0.91
 258     1.32
 259     0.97
 260     0.64
 261     2.31
 262     1.42
 263     1.88
 264     1.58
 265     1.74
 266     2.20
 267     3.79
 268     4.22
 269     4.81
 270     6.29
 271     5.69
 272     5.64
 273     6.49
 274     7.68
 275     7.62
 276     8.25
 277     8.56
 278    10.35
 279    10.66
 280    11.39
 281    13.85
 282    13.90
 283    15.33
 284    15.78
 285    16.36
 286    15.91
 287    15.96
 288    15.55
 289    15.51
 290    14.82
 291    15.46
 292    15.87
 293    15.73
 294    16.99
 295    18.16
 296    19.17
 297    21.79
 298    22.41
 299    23.08
 300    23.48
 301    23.83
 302    25.59
 303    25.83
 304    26.09
 305    25.81
 306    26.73
 307    25.98
 308    26.54
 309    30.01
 310    29.91
 311    29.28
 312    28.26
 313    28.14
 314    27.39
 315    26.93
 316    26.63
 317    25.97
 318    26.27
 319    26.87
 320    26.38
 321    25.76
 322    26.49
 323    26.38
 324    26.52
 325    26.12
 326    26.84
 327    26.34
 328    25.89
 329    25.36
 330    25.46
 331    25.08
 332    24.67
 333    23.72
 334    23.94
 335    23.62
 336    23.47
 337    23.68
 338    24.09
 339    23.34
 340    22.49
 341    21.54
 342    20.91
 343    19.85
 344    19.25
 345    18.77
 346    18.07
 347    17.00
 348    16.01
 349    15.04
 350    14.53
 351    13.88
 352    13.03
 353    11.94
 354    11.58
 355    10.54
 356    10.07
 357     9.28
 358     8.24
 359     7.15
 360     6.07
 361     4.97
 362     3.87
 363     2.82
 364     2.20
 365     1.10
 366    -0.00
