  01    -1.11
  02    -2.48
  03    -3.97
  04    -5.47
  05    -6.56
  06    -7.06
  07    -8.15
  08    -9.08
  09   -10.53
  10   -11.76
  11   -12.99
  12   -14.45
  13   -15.94
  14   -16.96
  15   -17.79
  16   -19.25
  17   -20.71
  18   -22.01
  19   -23.22
  20   -24.25
  21   -25.11
  22   -26.51
  23   -27.85
  24   -29.32
  25   -30.63
  26   -31.86
  27   -33.21
  28   -34.41
  29   -34.65
  30   -36.11
  31   -37.18
  32   -38.31
  33   -39.57
  34   -40.20
  35   -41.63
  36   -42.64
  37   -43.91
  38   -44.79
  39   -45.35
  40   -46.09
  41   -45.20
  42   -46.27
  43   -46.77
  44   -47.92
  45   -48.40
  46   -48.73
  47   -50.04
  48   -51.07
  49   -51.34
  50   -52.12
  51   -53.30
  52   -53.93
  53   -54.80
  54   -54.20
  55   -55.31
  56   -56.31
  57   -56.51
  58   -57.21
  59   -56.92
  60   -57.44
  61   -56.00
  62   -54.77
  63   -55.49
  64   -56.29
  65   -56.70
  66   -57.18
  67   -57.61
  68   -57.63
  69   -56.72
  70   -55.58
  71   -55.32
  72   -55.84
  73   -56.28
  74   -56.83
  75   -56.61
  76   -57.65
  77   -57.54
  78   -56.23
  79   -55.71
  80   -56.11
  81   -56.16
  82   -56.87
  83   -57.59
  84   -57.95
  85   -58.71
  86   -58.65
  87   -58.44
  88   -59.02
  89   -58.92
  90   -57.81
  91   -57.16
  92   -56.07
  93   -54.77
  94   -54.91
  95   -55.13
  96   -55.99
  97   -55.40
  98   -56.31
  99   -55.80
 100   -56.48
 101   -55.72
 102   -55.54
 103   -55.11
 104   -54.96
 105   -54.08
 106   -53.11
 107   -51.51
 108   -51.53
 109   -50.69
 110   -50.17
 111   -51.17
 112   -49.98
 113   -49.76
 114   -49.99
 115   -49.42
 116   -48.32
 117   -47.95
 118   -46.98
 119   -46.56
 120   -46.98
 121   -47.73
 122   -47.46
 123   -47.37
 124   -47.27
 125   -46.55
 126   -45.22
 127   -45.46
 128   -44.75
 129   -43.15
 130   -43.01
 131   -42.39
 132   -41.82
 133   -39.40
 134   -38.56
 135   -37.96
 136   -37.78
 137   -36.79
 138   -36.68
 139   -35.57
 140   -34.76
 141   -33.80
 142   -33.19
 143   -33.26
 144   -31.83
 145   -31.78
 146   -30.09
 147   -29.60
 148   -28.57
 149   -28.17
 150   -27.47
 151   -27.41
 152   -27.04
 153   -26.38
 154   -23.65
 155   -21.28
 156   -19.63
 157   -18.89
 158   -18.07
 159   -17.38
 160   -14.69
 161   -12.71
 162   -10.26
 163   -10.18
 164    -9.50
 165    -7.46
 166    -4.06
 167    -3.22
 168    -2.47
 169    -0.55
 170     1.08
 171     2.04
 172     2.86
 173     4.31
 174     6.09
 175     6.34
 176     7.16
 177     7.91
 178     7.57
 179     9.07
 180    10.91
 181    10.60
 182    11.04
 183    12.21
 184    14.64
 185    15.65
 186    18.54
 187    17.74
 188    17.22
 189    17.68
 190    18.57
 191    19.16
 192    19.46
 193    19.26
 194    18.27
 195    18.29
 196    19.41
 197    19.07
 198    19.50
 199    19.02
 200    17.89
 201    19.40
 202    18.31
 203    17.91
 204    17.56
 205    16.97
 206    16.93
 207    15.85
 208    15.45
 209    14.12
 210    14.40
 211    14.96
 212    14.42
 213    13.69
 214    13.71
 215    12.37
 216    11.58
 217    11.04
 218    10.10
 219     8.71
 220     7.56
 221     6.84
 222     6.01
 223     5.92
 224     4.62
 225     3.52
 226     2.43
 227     1.33
 228     0.16
 229    -0.26
 230    -1.34
 231    -2.31
 232    -2.61
 233    -2.82
 234    -3.69
 235    -4.00
 236    -4.80
 237    -5.33
 238    -4.77
 239    -4.57
 240    -5.47
 241    -6.16
 242    -6.86
 243    -6.34
 244    -6.48
 245    -6.28
 246    -6.26
 247    -6.94
 248    -7.02
 249    -7.53
 250    -8.03
 251    -7.68
 252    -7.45
 253    -8.39
 254    -8.29
 255    -8.36
 256    -9.11
 257    -9.32
 258    -9.62
 259   -10.28
 260   -10.11
 261   -10.73
 262   -11.10
 263   -10.85
 264    -9.61
 265    -9.51
 266    -8.00
 267    -6.13
 268    -5.33
 269    -5.22
 270    -4.20
 271    -5.02
 272    -5.45
 273    -5.36
 274    -5.47
 275    -5.60
 276    -5.43
 277    -4.67
 278    -3.70
 279    -3.70
 280    -0.95
 281     0.96
 282     1.48
 283     3.74
 284     4.49
 285     5.05
 286     5.37
 287     7.01
 288     8.12
 289     8.74
 290     9.85
 291    12.06
 292    12.95
 293    13.65
 294    14.13
 295    15.09
 296    17.23
 297    16.90
 298    19.24
 299    20.28
 300    20.79
 301    22.17
 302    23.39
 303    24.81
 304    25.92
 305    28.22
 306    28.91
 307    29.87
 308    29.94
 309    30.14
 310    31.11
 311    31.43
 312    31.04
 313    31.10
 314    31.11
 315    31.75
 316    31.49
 317    32.23
 318    32.89
 319    32.31
 320    32.28
 321    31.64
 322    32.04
 323    32.24
 324    32.12
 325    31.90
 326    31.60
 327    31.40
 328    31.47
 329    31.30
 330    31.68
 331    32.66
 332    33.12
 333    32.27
 334    31.38
 335    30.40
 336    29.77
 337    29.59
 338    29.05
 339    27.90
 340    26.73
 341    26.38
 342    25.35
 343    24.87
 344    23.89
 345    22.86
 346    22.13
 347    21.73
 348    20.69
 349    20.01
 350    19.38
 351    18.27
 352    17.23
 353    15.99
 354    14.60
 355    13.51
 356    12.19
 357    10.82
 358     9.37
 359     8.53
 360     8.21
 361     6.72
 362     5.63
 363     4.19
 364     2.86
 365     1.49
 366    -0.00
