  01    -0.51
  02    -1.75
  03    -2.81
  04    -3.99
  05    -5.42
  06    -6.76
  07    -7.88
  08    -9.30
  09   -10.64
  10   -11.78
  11   -13.00
  12   -13.93
  13   -15.32
  14   -16.76
  15   -18.19
  16   -19.61
  17   -20.99
  18   -22.43
  19   -23.86
  20   -24.99
  21   -26.21
  22   -27.44
  23   -28.40
  24   -29.72
  25   -30.39
  26   -31.12
  27   -32.32
  28   -33.27
  29   -34.25
  30   -35.55
  31   -36.97
  32   -38.26
  33   -39.68
  34   -40.74
  35   -41.73
  36   -43.00
  37   -44.43
  38   -45.11
  39   -45.34
  40   -46.38
  41   -47.18
  42   -48.22
  43   -49.46
  44   -49.68
  45   -50.31
  46   -51.60
  47   -52.47
  48   -53.40
  49   -53.71
  50   -53.99
  51   -53.95
  52   -54.61
  53   -55.04
  54   -55.79
  55   -55.78
  56   -56.42
  57   -56.80
  58   -57.00
  59   -57.37
  60   -57.94
  61   -58.06
  62   -56.89
  63   -57.40
  64   -56.60
  65   -56.72
  66   -56.96
  67   -57.68
  68   -57.81
  69   -58.11
  70   -58.79
  71   -58.69
  72   -57.32
  73   -58.44
  74   -58.12
  75   -57.43
  76   -57.05
  77   -57.28
  78   -57.48
  79   -57.81
  80   -57.07
  81   -57.02
  82   -55.50
  83   -54.24
  84   -54.31
  85   -54.38
  86   -51.11
  87   -50.88
  88   -50.61
  89   -50.46
  90   -51.19
  91   -49.84
  92   -48.92
  93   -48.03
  94   -47.89
  95   -46.95
  96   -46.88
  97   -47.80
  98   -48.20
  99   -47.09
 100   -46.56
 101   -47.23
 102   -46.90
 103   -46.24
 104   -45.85
 105   -46.07
 106   -45.27
 107   -44.68
 108   -43.78
 109   -42.03
 110   -41.58
 111   -39.84
 112   -38.78
 113   -38.55
 114   -35.65
 115   -35.70
 116   -34.17
 117   -34.20
 118   -34.56
 119   -34.52
 120   -33.59
 121   -33.69
 122   -33.23
 123   -32.98
 124   -30.96
 125   -30.39
 126   -28.19
 127   -28.77
 128   -26.99
 129   -27.05
 130   -24.99
 131   -25.29
 132   -24.45
 133   -24.35
 134   -24.76
 135   -23.92
 136   -22.41
 137   -21.45
 138   -20.03
 139   -19.62
 140   -20.32
 141   -20.01
 142   -20.54
 143   -19.79
 144   -18.88
 145   -17.72
 146   -17.59
 147   -16.02
 148   -12.74
 149   -11.77
 150   -11.87
 151   -11.48
 152    -8.41
 153    -7.41
 154    -6.46
 155    -5.26
 156    -5.05
 157    -3.71
 158    -1.51
 159    -1.44
 160     1.43
 161     3.65
 162     4.46
 163     5.67
 164     6.87
 165     7.51
 166     8.05
 167     8.73
 168     8.77
 169    10.13
 170    12.15
 171    13.87
 172    15.08
 173    14.87
 174    16.86
 175    16.85
 176    17.57
 177    18.83
 178    20.60
 179    21.87
 180    23.35
 181    24.21
 182    24.33
 183    24.50
 184    24.22
 185    24.91
 186    24.44
 187    24.44
 188    24.06
 189    24.57
 190    25.59
 191    27.47
 192    26.83
 193    26.87
 194    26.92
 195    27.59
 196    27.28
 197    26.53
 198    26.79
 199    26.56
 200    25.93
 201    26.11
 202    26.06
 203    25.45
 204    25.28
 205    25.07
 206    24.18
 207    23.69
 208    23.75
 209    23.11
 210    22.45
 211    23.84
 212    23.73
 213    23.06
 214    22.91
 215    22.28
 216    21.49
 217    20.63
 218    19.53
 219    18.25
 220    17.65
 221    16.48
 222    15.72
 223    14.51
 224    13.24
 225    12.42
 226    11.81
 227    11.43
 228    10.80
 229    10.11
 230     9.46
 231     9.15
 232     8.72
 233     8.14
 234     7.36
 235     6.63
 236     6.24
 237     5.55
 238     5.12
 239     4.68
 240     4.21
 241     3.89
 242     3.06
 243     2.70
 244     1.89
 245     1.02
 246     0.51
 247    -0.16
 248     1.25
 249     0.22
 250     0.22
 251    -0.56
 252    -1.53
 253    -2.16
 254    -2.36
 255    -2.47
 256    -3.16
 257    -3.38
 258    -2.33
 259    -2.69
 260    -2.76
 261    -3.29
 262    -2.01
 263    -1.51
 264    -0.95
 265     0.27
 266     0.08
 267     0.73
 268     1.57
 269     1.05
 270     4.41
 271     4.34
 272     4.30
 273     5.46
 274     5.25
 275     6.06
 276     9.24
 277     9.58
 278    12.17
 279    14.62
 280    15.07
 281    15.12
 282    15.86
 283    16.25
 284    16.95
 285    17.65
 286    18.20
 287    19.78
 288    20.91
 289    21.51
 290    22.38
 291    22.80
 292    24.56
 293    24.66
 294    25.37
 295    25.94
 296    26.77
 297    27.48
 298    28.58
 299    29.96
 300    30.45
 301    31.35
 302    31.32
 303    32.44
 304    32.60
 305    32.56
 306    33.24
 307    33.76
 308    34.24
 309    33.79
 310    33.99
 311    33.30
 312    33.32
 313    33.27
 314    34.78
 315    34.26
 316    34.05
 317    33.95
 318    33.67
 319    33.41
 320    32.64
 321    32.89
 322    33.47
 323    33.79
 324    33.72
 325    34.57
 326    35.00
 327    34.09
 328    33.48
 329    32.22
 330    31.80
 331    31.43
 332    30.56
 333    30.06
 334    30.53
 335    30.34
 336    30.07
 337    29.18
 338    27.75
 339    26.33
 340    26.07
 341    26.30
 342    26.27
 343    25.65
 344    24.54
 345    23.51
 346    22.58
 347    21.76
 348    20.61
 349    19.61
 350    19.01
 351    17.89
 352    16.63
 353    15.23
 354    14.00
 355    12.85
 356    11.59
 357    10.42
 358     9.04
 359     7.83
 360     6.93
 361     5.72
 362     5.12
 363     3.99
 364     2.56
 365     1.13
 366    -0.01
