  01    -1.04
  02    -2.08
  03    -3.12
  04    -4.16
  05    -5.20
  06    -6.24
  07    -7.28
  08    -8.32
  09    -9.36
  10   -10.39
  11   -11.43
  12   -12.47
  13   -13.50
  14   -14.50
  15   -15.53
  16   -16.57
  17   -17.61
  18   -18.64
  19   -19.68
  20   -20.71
  21   -21.75
  22   -22.78
  23   -23.82
  24   -24.84
  25   -25.86
  26   -26.89
  27   -27.91
  28   -28.94
  29   -29.95
  30   -30.97
  31   -32.00
  32   -33.03
  33   -34.05
  34   -35.07
  35   -36.01
  36   -37.02
  37   -38.04
  38   -39.04
  39   -40.04
  40   -41.05
  41   -42.00
  42   -42.98
  43   -43.94
  44   -44.97
  45   -45.99
  46   -46.95
  47   -47.60
  48   -48.53
  49   -49.50
  50   -50.42
  51   -51.26
  52   -52.24
  53   -53.18
  54   -54.12
  55   -54.80
  56   -55.57
  57   -56.37
  58   -57.20
  59   -58.05
  60   -58.88
  61   -59.50
  62   -60.32
  63   -61.19
  64   -62.04
  65   -62.68
  66   -63.39
  67   -64.01
  68   -64.85
  69   -65.44
  70   -65.90
  71   -66.35
  72   -66.70
  73   -67.32
  74   -68.04
  75   -68.74
  76   -69.23
  77   -69.67
  78   -70.39
  79   -70.87
  80   -71.15
  81   -71.70
  82   -72.08
  83   -72.24
  84   -72.39
  85   -72.60
  86   -73.36
  87   -73.83
  88   -74.29
  89   -74.50
  90   -74.51
  91   -75.06
  92   -75.71
  93   -76.18
  94   -76.89
  95   -77.43
  96   -78.01
  97   -78.28
  98   -78.63
  99   -78.62
 100   -78.78
 101   -79.01
 102   -79.59
 103   -79.76
 104   -79.95
 105   -80.13
 106   -79.83
 107   -79.80
 108   -79.84
 109   -79.67
 110   -79.57
 111   -79.70
 112   -80.08
 113   -80.53
 114   -80.70
 115   -80.77
 116   -81.18
 117   -81.48
 118   -81.33
 119   -81.74
 120   -82.07
 121   -82.70
 122   -82.90
 123   -82.36
 124   -81.37
 125   -81.15
 126   -81.69
 127   -82.01
 128   -82.21
 129   -82.74
 130   -82.84
 131   -83.28
 132   -83.29
 133   -83.50
 134   -83.62
 135   -83.27
 136   -83.27
 137   -82.08
 138   -81.95
 139   -81.60
 140   -81.04
 141   -81.21
 142   -80.93
 143   -80.26
 144   -80.31
 145   -79.20
 146   -79.41
 147   -78.28
 148   -76.53
 149   -76.70
 150   -76.36
 151   -75.79
 152   -75.21
 153   -75.13
 154   -73.79
 155   -73.66
 156   -72.31
 157   -71.93
 158   -71.27
 159   -70.76
 160   -69.85
 161   -69.49
 162   -68.85
 163   -69.20
 164   -68.59
 165   -67.61
 166   -67.72
 167   -67.85
 168   -67.65
 169   -67.16
 170   -66.94
 171   -66.77
 172   -64.58
 173   -61.34
 174   -60.86
 175   -60.03
 176   -59.81
 177   -59.75
 178   -59.59
 179   -59.21
 180   -58.92
 181   -57.81
 182   -56.33
 183   -55.78
 184   -54.93
 185   -53.75
 186   -51.72
 187   -51.43
 188   -50.98
 189   -50.00
 190   -49.68
 191   -49.15
 192   -48.54
 193   -48.16
 194   -48.16
 195   -45.95
 196   -44.01
 197   -43.68
 198   -43.67
 199   -43.05
 200   -42.26
 201   -42.09
 202   -41.78
 203   -41.34
 204   -40.23
 205   -39.97
 206   -40.01
 207   -39.90
 208   -40.19
 209   -38.30
 210   -36.39
 211   -35.73
 212   -35.11
 213   -34.35
 214   -31.97
 215   -29.82
 216   -28.09
 217   -27.79
 218   -27.63
 219   -28.01
 220   -27.65
 221   -27.46
 222   -26.65
 223   -26.54
 224   -25.08
 225   -24.32
 226   -22.83
 227   -22.69
 228   -22.06
 229   -19.72
 230   -19.09
 231   -19.40
 232   -17.47
 233   -12.82
 234   -11.09
 235   -10.18
 236    -9.05
 237    -7.65
 238    -6.43
 239    -5.89
 240    -5.54
 241    -5.50
 242    -5.52
 243    -5.31
 244    -3.16
 245    -2.62
 246    -2.46
 247    -2.00
 248    -1.30
 249    -1.18
 250    -0.33
 251     0.09
 252     0.26
 253     0.74
 254     0.80
 255     1.40
 256     1.73
 257     2.80
 258     4.54
 259     5.34
 260     6.16
 261     8.29
 262     9.01
 263    10.20
 264    10.24
 265    11.14
 266    12.03
 267    12.59
 268    13.94
 269    14.89
 270    17.11
 271    19.60
 272    21.46
 273    22.69
 274    23.98
 275    27.28
 276    28.30
 277    30.49
 278    32.45
 279    32.70
 280    33.44
 281    34.52
 282    36.87
 283    37.36
 284    38.61
 285    39.50
 286    39.87
 287    40.79
 288    41.94
 289    42.84
 290    43.68
 291    48.71
 292    49.09
 293    48.79
 294    50.98
 295    51.92
 296    53.56
 297    53.39
 298    54.42
 299    54.68
 300    55.21
 301    55.35
 302    55.39
 303    55.78
 304    55.77
 305    55.57
 306    55.42
 307    55.15
 308    55.23
 309    54.83
 310    54.31
 311    53.92
 312    53.52
 313    53.01
 314    52.24
 315    51.55
 316    50.70
 317    50.07
 318    49.19
 319    48.28
 320    47.40
 321    46.57
 322    45.58
 323    44.54
 324    43.51
 325    42.49
 326    41.48
 327    40.50
 328    39.47
 329    38.42
 330    37.38
 331    36.34
 332    35.30
 333    34.26
 334    33.22
 335    32.18
 336    31.22
 337    30.24
 338    29.19
 339    28.16
 340    27.12
 341    26.07
 342    25.03
 343    23.99
 344    22.94
 345    21.90
 346    20.86
 347    19.82
 348    18.77
 349    17.73
 350    16.69
 351    15.64
 352    14.60
 353    13.56
 354    12.51
 355    11.47
 356    10.43
 357     9.38
 358     8.34
 359     7.30
 360     6.25
 361     5.21
 362     4.17
 363     3.13
 364     2.09
 365     1.04
 366    -0.00
