  01    -1.24
  02    -2.47
  03    -3.70
  04    -4.42
  05    -5.66
  06    -6.90
  07    -8.05
  08    -9.20
  09   -10.44
  10   -11.00
  11   -12.05
  12   -13.04
  13   -14.18
  14   -15.28
  15   -16.52
  16   -17.62
  17   -18.65
  18   -19.88
  19   -21.09
  20   -22.31
  21   -23.52
  22   -24.36
  23   -25.50
  24   -26.06
  25   -27.18
  26   -27.93
  27   -29.17
  28   -30.18
  29   -31.04
  30   -32.26
  31   -33.00
  32   -33.93
  33   -35.13
  34   -36.08
  35   -36.07
  36   -36.79
  37   -37.82
  38   -38.82
  39   -39.91
  40   -40.97
  41   -41.55
  42   -42.20
  43   -43.28
  44   -43.88
  45   -43.93
  46   -44.31
  47   -45.43
  48   -46.42
  49   -46.77
  50   -47.19
  51   -48.04
  52   -48.40
  53   -48.37
  54   -48.60
  55   -48.54
  56   -49.06
  57   -48.32
  58   -46.92
  59   -48.15
  60   -47.92
  61   -47.95
  62   -48.44
  63   -49.15
  64   -49.16
  65   -49.71
  66   -50.18
  67   -50.28
  68   -50.52
  69   -51.41
  70   -51.52
  71   -52.01
  72   -51.23
  73   -51.73
  74   -50.22
  75   -50.98
  76   -49.21
  77   -50.04
  78   -50.90
  79   -51.42
  80   -51.63
  81   -52.23
  82   -52.22
  83   -51.16
  84   -51.90
  85   -52.32
  86   -50.78
  87   -50.56
  88   -50.08
  89   -50.18
  90   -50.36
  91   -49.27
  92   -49.98
  93   -49.75
  94   -49.86
  95   -49.33
  96   -48.75
  97   -49.16
  98   -49.39
  99   -48.60
 100   -47.05
 101   -47.97
 102   -48.33
 103   -48.49
 104   -48.60
 105   -48.93
 106   -49.11
 107   -47.74
 108   -46.34
 109   -46.15
 110   -44.76
 111   -44.84
 112   -43.28
 113   -41.37
 114   -40.17
 115   -39.20
 116   -38.45
 117   -38.30
 118   -37.62
 119   -38.18
 120   -37.33
 121   -37.39
 122   -38.11
 123   -36.52
 124   -34.29
 125   -33.86
 126   -34.07
 127   -31.97
 128   -30.47
 129   -30.80
 130   -29.49
 131   -29.13
 132   -28.61
 133   -29.13
 134   -28.68
 135   -28.34
 136   -27.04
 137   -25.48
 138   -24.23
 139   -23.53
 140   -23.55
 141   -23.59
 142   -24.17
 143   -23.13
 144   -21.42
 145   -21.09
 146   -21.32
 147   -20.81
 148   -20.70
 149   -18.00
 150   -18.05
 151   -17.63
 152   -16.71
 153   -13.79
 154   -13.79
 155   -13.40
 156   -10.94
 157    -8.03
 158    -5.70
 159    -3.58
 160    -1.34
 161    -0.00
 162     0.60
 163     1.17
 164     2.55
 165     2.94
 166     3.86
 167     4.24
 168     6.13
 169     7.61
 170    11.74
 171    12.70
 172    14.60
 173    16.26
 174    18.97
 175    20.19
 176    21.71
 177    23.16
 178    22.79
 179    23.53
 180    23.50
 181    23.86
 182    24.02
 183    23.44
 184    22.75
 185    24.62
 186    25.59
 187    25.31
 188    25.64
 189    25.88
 190    26.83
 191    26.26
 192    26.82
 193    26.70
 194    26.26
 195    26.01
 196    25.83
 197    25.54
 198    24.86
 199    24.94
 200    25.05
 201    26.07
 202    25.59
 203    24.87
 204    23.80
 205    23.65
 206    22.84
 207    22.18
 208    22.41
 209    21.62
 210    21.25
 211    21.94
 212    21.49
 213    21.10
 214    21.15
 215    21.38
 216    20.95
 217    19.83
 218    19.02
 219    17.90
 220    17.25
 221    16.31
 222    15.84
 223    14.94
 224    13.98
 225    13.66
 226    12.57
 227    11.95
 228    11.00
 229    10.66
 230    10.03
 231    11.78
 232    11.28
 233    10.31
 234    10.29
 235    10.11
 236     9.35
 237     8.58
 238     7.61
 239     6.59
 240     5.95
 241     5.36
 242     5.10
 243     4.57
 244     4.15
 245     4.30
 246     4.07
 247     3.38
 248     3.22
 249     2.42
 250     1.97
 251     3.47
 252     3.78
 253     4.69
 254     6.07
 255     5.54
 256     6.07
 257     6.72
 258     7.63
 259     7.17
 260     7.40
 261     8.63
 262     9.33
 263    10.32
 264     9.75
 265    10.81
 266    13.12
 267    14.09
 268    13.70
 269    13.96
 270    17.92
 271    19.06
 272    19.42
 273    22.18
 274    22.05
 275    21.63
 276    22.20
 277    21.89
 278    21.19
 279    21.95
 280    22.33
 281    22.85
 282    22.79
 283    25.97
 284    26.80
 285    26.89
 286    26.58
 287    26.32
 288    26.74
 289    29.41
 290    30.16
 291    31.20
 292    30.83
 293    31.43
 294    31.29
 295    31.22
 296    32.36
 297    32.12
 298    32.21
 299    32.42
 300    33.82
 301    34.12
 302    34.04
 303    35.10
 304    34.69
 305    35.48
 306    35.56
 307    37.68
 308    37.29
 309    37.48
 310    37.63
 311    37.57
 312    37.05
 313    36.93
 314    37.35
 315    37.97
 316    38.34
 317    38.04
 318    37.60
 319    37.44
 320    36.65
 321    36.12
 322    35.60
 323    35.14
 324    34.28
 325    33.35
 326    33.39
 327    33.10
 328    32.48
 329    31.81
 330    30.97
 331    30.97
 332    29.99
 333    29.50
 334    29.34
 335    29.44
 336    28.47
 337    27.95
 338    26.81
 339    25.90
 340    25.42
 341    24.24
 342    23.00
 343    22.50
 344    21.46
 345    20.26
 346    19.28
 347    18.60
 348    18.18
 349    17.05
 350    17.08
 351    16.15
 352    14.92
 353    13.72
 354    12.53
 355    11.70
 356    10.46
 357     9.36
 358     8.13
 359     7.50
 360     6.30
 361     5.88
 362     4.91
 363     3.68
 364     2.48
 365     1.24
 366    -0.00
