  01    -1.03
  02    -2.05
  03    -3.08
  04    -4.11
  05    -5.13
  06    -6.16
  07    -7.18
  08    -8.21
  09    -9.24
  10   -10.25
  11   -11.24
  12   -12.26
  13   -13.29
  14   -14.32
  15   -15.34
  16   -16.37
  17   -17.39
  18   -18.42
  19   -19.44
  20   -20.47
  21   -21.50
  22   -22.52
  23   -23.54
  24   -24.57
  25   -25.59
  26   -26.62
  27   -27.64
  28   -28.66
  29   -29.69
  30   -30.71
  31   -31.74
  32   -32.76
  33   -33.77
  34   -34.80
  35   -35.76
  36   -36.78
  37   -37.80
  38   -38.75
  39   -39.76
  40   -40.77
  41   -41.76
  42   -42.77
  43   -43.78
  44   -44.80
  45   -45.81
  46   -46.80
  47   -47.62
  48   -48.52
  49   -49.45
  50   -50.37
  51   -51.17
  52   -52.06
  53   -53.02
  54   -53.89
  55   -54.66
  56   -55.35
  57   -56.25
  58   -57.06
  59   -57.82
  60   -58.55
  61   -59.20
  62   -60.00
  63   -60.70
  64   -61.47
  65   -62.17
  66   -62.99
  67   -63.58
  68   -64.30
  69   -64.94
  70   -65.35
  71   -65.73
  72   -66.12
  73   -66.67
  74   -67.32
  75   -68.07
  76   -68.81
  77   -69.13
  78   -69.67
  79   -70.18
  80   -70.46
  81   -71.02
  82   -71.51
  83   -71.92
  84   -72.04
  85   -72.37
  86   -73.10
  87   -73.42
  88   -73.85
  89   -74.20
  90   -74.74
  91   -75.31
  92   -76.07
  93   -76.50
  94   -77.13
  95   -77.61
  96   -77.88
  97   -78.23
  98   -78.74
  99   -79.09
 100   -79.12
 101   -79.48
 102   -79.96
 103   -80.43
 104   -80.85
 105   -80.86
 106   -80.98
 107   -80.99
 108   -81.29
 109   -81.46
 110   -81.74
 111   -82.17
 112   -82.40
 113   -82.80
 114   -83.17
 115   -83.48
 116   -83.87
 117   -84.20
 118   -84.29
 119   -84.74
 120   -85.08
 121   -85.39
 122   -85.61
 123   -85.95
 124   -85.70
 125   -85.47
 126   -86.08
 127   -86.07
 128   -86.02
 129   -86.66
 130   -86.75
 131   -86.60
 132   -86.98
 133   -87.28
 134   -87.59
 135   -87.15
 136   -86.61
 137   -86.60
 138   -86.53
 139   -86.14
 140   -84.57
 141   -84.63
 142   -84.94
 143   -84.85
 144   -84.62
 145   -83.98
 146   -83.91
 147   -83.19
 148   -82.67
 149   -83.18
 150   -82.51
 151   -81.04
 152   -80.73
 153   -80.22
 154   -79.23
 155   -78.94
 156   -78.47
 157   -78.05
 158   -77.28
 159   -76.29
 160   -76.00
 161   -75.67
 162   -74.36
 163   -74.30
 164   -73.86
 165   -73.75
 166   -73.64
 167   -73.50
 168   -72.15
 169   -71.97
 170   -71.13
 171   -68.66
 172   -67.54
 173   -66.44
 174   -66.24
 175   -65.87
 176   -65.88
 177   -64.58
 178   -64.23
 179   -64.07
 180   -63.80
 181   -63.06
 182   -62.18
 183   -62.11
 184   -60.57
 185   -59.47
 186   -58.34
 187   -58.10
 188   -58.39
 189   -58.56
 190   -58.17
 191   -57.33
 192   -56.56
 193   -55.88
 194   -55.91
 195   -53.93
 196   -52.69
 197   -52.32
 198   -52.35
 199   -51.84
 200   -51.63
 201   -51.36
 202   -51.12
 203   -50.21
 204   -47.69
 205   -47.44
 206   -47.43
 207   -45.98
 208   -45.67
 209   -43.65
 210   -42.62
 211   -42.19
 212   -40.95
 213   -40.62
 214   -38.84
 215   -35.54
 216   -34.83
 217   -33.87
 218   -32.98
 219   -32.60
 220   -29.61
 221   -29.51
 222   -28.65
 223   -28.10
 224   -26.28
 225   -25.60
 226   -24.81
 227   -24.74
 228   -23.45
 229   -21.54
 230   -21.01
 231   -20.75
 232   -19.96
 233   -16.62
 234   -15.87
 235   -16.29
 236   -15.38
 237   -15.16
 238   -12.77
 239   -12.29
 240   -12.55
 241   -11.85
 242   -11.94
 243   -11.16
 244    -8.52
 245    -8.13
 246    -6.99
 247    -6.19
 248    -5.84
 249    -4.82
 250    -1.79
 251    -1.41
 252    -1.51
 253    -1.10
 254    -0.71
 255     0.15
 256     0.82
 257     2.12
 258     2.47
 259     3.20
 260     4.07
 261     4.35
 262     4.36
 263     4.97
 264     4.75
 265     5.78
 266     6.94
 267     8.40
 268    10.09
 269    12.39
 270    14.12
 271    16.23
 272    19.10
 273    20.39
 274    21.72
 275    24.93
 276    25.67
 277    27.49
 278    28.53
 279    29.77
 280    31.42
 281    33.03
 282    34.98
 283    36.34
 284    37.11
 285    38.30
 286    43.33
 287    44.29
 288    46.13
 289    48.26
 290    48.99
 291    49.28
 292    49.07
 293    49.07
 294    50.12
 295    51.57
 296    52.35
 297    53.17
 298    53.61
 299    54.00
 300    54.61
 301    54.43
 302    54.07
 303    54.57
 304    55.02
 305    54.56
 306    54.23
 307    53.67
 308    53.45
 309    53.17
 310    52.71
 311    52.38
 312    52.04
 313    51.56
 314    50.93
 315    50.16
 316    49.44
 317    48.82
 318    48.05
 319    47.20
 320    46.42
 321    45.58
 322    44.61
 323    43.70
 324    42.74
 325    41.76
 326    40.75
 327    39.81
 328    38.79
 329    37.76
 330    36.74
 331    35.71
 332    34.69
 333    33.67
 334    32.65
 335    31.62
 336    30.68
 337    29.71
 338    28.71
 339    27.72
 340    26.70
 341    25.68
 342    24.65
 343    23.62
 344    22.60
 345    21.57
 346    20.54
 347    19.51
 348    18.49
 349    17.46
 350    16.43
 351    15.41
 352    14.38
 353    13.35
 354    12.33
 355    11.30
 356    10.27
 357     9.24
 358     8.22
 359     7.19
 360     6.16
 361     5.14
 362     4.11
 363     3.08
 364     2.06
 365     1.03
 366     0.00
