  01    -0.74
  02    -1.86
  03    -3.07
  04    -4.28
  05    -5.38
  06    -5.73
  07    -6.88
  08    -8.07
  09    -9.28
  10   -10.40
  11   -11.55
  12   -12.15
  13   -13.37
  14   -14.17
  15   -14.47
  16   -15.62
  17   -16.77
  18   -17.98
  19   -18.93
  20   -19.98
  21   -21.04
  22   -21.64
  23   -22.74
  24   -23.48
  25   -24.57
  26   -25.74
  27   -26.73
  28   -27.73
  29   -28.94
  30   -29.92
  31   -30.82
  32   -32.03
  33   -33.05
  34   -33.76
  35   -34.97
  36   -35.72
  37   -36.69
  38   -37.74
  39   -38.83
  40   -39.90
  41   -40.48
  42   -41.50
  43   -42.24
  44   -42.89
  45   -43.98
  46   -43.82
  47   -44.88
  48   -45.86
  49   -46.33
  50   -47.13
  51   -47.60
  52   -48.63
  53   -49.27
  54   -50.16
  55   -50.00
  56   -50.59
  57   -51.07
  58   -51.44
  59   -52.46
  60   -52.68
  61   -53.00
  62   -53.83
  63   -53.32
  64   -54.25
  65   -53.87
  66   -54.02
  67   -53.53
  68   -52.79
  69   -52.45
  70   -53.21
  71   -51.88
  72   -52.52
  73   -52.95
  74   -52.42
  75   -53.08
  76   -53.59
  77   -53.80
  78   -52.95
  79   -52.46
  80   -52.31
  81   -52.69
  82   -53.30
  83   -54.03
  84   -53.75
  85   -53.03
  86   -52.72
  87   -53.08
  88   -53.48
  89   -53.73
  90   -53.52
  91   -51.06
  92   -51.40
  93   -49.42
  94   -49.62
  95   -49.75
  96   -50.51
  97   -50.26
  98   -50.16
  99   -50.29
 100   -51.09
 101   -49.31
 102   -49.79
 103   -50.21
 104   -49.53
 105   -49.11
 106   -49.52
 107   -48.71
 108   -47.58
 109   -47.25
 110   -46.45
 111   -47.27
 112   -47.84
 113   -45.63
 114   -45.41
 115   -45.51
 116   -44.33
 117   -44.64
 118   -43.67
 119   -43.29
 120   -43.45
 121   -43.88
 122   -44.33
 123   -44.50
 124   -44.81
 125   -45.13
 126   -43.91
 127   -44.49
 128   -44.21
 129   -44.02
 130   -40.23
 131   -38.21
 132   -37.85
 133   -36.59
 134   -37.40
 135   -35.91
 136   -34.72
 137   -32.95
 138   -32.93
 139   -32.12
 140   -31.40
 141   -28.76
 142   -26.49
 143   -25.76
 144   -24.27
 145   -23.34
 146   -20.41
 147   -20.68
 148   -17.63
 149   -17.08
 150   -15.80
 151   -14.95
 152   -13.04
 153   -10.42
 154    -9.09
 155    -5.74
 156    -3.90
 157    -1.92
 158    -1.28
 159    -0.79
 160     1.03
 161     0.92
 162     4.52
 163     5.75
 164     5.91
 165     6.09
 166     7.65
 167    10.86
 168    12.17
 169    13.48
 170    14.87
 171    15.46
 172    15.80
 173    16.87
 174    18.49
 175    19.74
 176    19.53
 177    19.98
 178    20.84
 179    23.55
 180    23.44
 181    23.79
 182    23.79
 183    25.27
 184    26.50
 185    26.67
 186    27.93
 187    27.40
 188    26.69
 189    25.94
 190    25.36
 191    26.46
 192    27.26
 193    27.72
 194    27.19
 195    27.68
 196    28.44
 197    29.35
 198    30.48
 199    29.70
 200    30.29
 201    30.36
 202    29.79
 203    29.91
 204    29.33
 205    29.45
 206    28.35
 207    27.48
 208    28.15
 209    27.45
 210    26.70
 211    25.79
 212    25.96
 213    25.59
 214    24.76
 215    23.58
 216    22.56
 217    21.53
 218    20.51
 219    19.37
 220    18.20
 221    17.02
 222    16.38
 223    15.27
 224    14.22
 225    14.41
 226    13.65
 227    12.69
 228    11.64
 229    11.01
 230     9.98
 231    10.79
 232    11.01
 233    10.64
 234    10.06
 235     9.68
 236     8.66
 237     9.91
 238    10.09
 239     9.01
 240     7.98
 241     7.28
 242     6.23
 243     5.27
 244     4.83
 245     4.99
 246     4.70
 247     4.16
 248     3.62
 249     3.60
 250     3.35
 251     3.28
 252     2.89
 253     2.22
 254     3.04
 255     3.49
 256     3.26
 257     3.86
 258     4.63
 259     5.31
 260     6.07
 261     5.56
 262     5.64
 263     7.42
 264     8.91
 265     8.61
 266     9.31
 267    10.99
 268    10.42
 269    11.50
 270    12.46
 271    13.03
 272    13.05
 273    12.86
 274    12.40
 275    11.74
 276    13.07
 277    12.83
 278    13.69
 279    13.97
 280    14.97
 281    16.40
 282    16.17
 283    16.62
 284    17.57
 285    19.41
 286    21.34
 287    22.58
 288    23.11
 289    24.10
 290    24.97
 291    26.82
 292    28.16
 293    28.23
 294    28.38
 295    29.21
 296    29.00
 297    30.48
 298    30.79
 299    30.83
 300    31.41
 301    31.49
 302    32.45
 303    31.77
 304    31.42
 305    32.71
 306    32.57
 307    32.05
 308    32.78
 309    34.60
 310    34.17
 311    33.93
 312    34.31
 313    34.90
 314    34.78
 315    34.98
 316    34.08
 317    33.76
 318    33.34
 319    33.11
 320    32.49
 321    31.94
 322    31.07
 323    30.99
 324    31.06
 325    30.71
 326    31.32
 327    30.54
 328    29.64
 329    29.35
 330    28.79
 331    28.68
 332    27.63
 333    26.52
 334    25.57
 335    25.63
 336    24.82
 337    24.69
 338    23.78
 339    22.87
 340    21.93
 341    21.67
 342    21.27
 343    20.48
 344    19.29
 345    18.61
 346    17.68
 347    17.45
 348    16.33
 349    15.30
 350    14.15
 351    13.01
 352    11.89
 353    10.80
 354    10.00
 355     9.08
 356     8.45
 357     8.08
 358     7.14
 359     6.11
 360     5.79
 361     5.01
 362     3.80
 363     2.99
 364     1.80
 365     1.21
 366    -0.00
