  01    -1.00
  02    -2.00
  03    -3.01
  04    -4.01
  05    -5.01
  06    -6.01
  07    -7.01
  08    -8.01
  09    -9.01
  10   -10.01
  11   -11.00
  12   -12.00
  13   -13.00
  14   -13.95
  15   -14.95
  16   -15.95
  17   -16.95
  18   -17.95
  19   -18.95
  20   -19.95
  21   -20.95
  22   -21.95
  23   -22.96
  24   -23.95
  25   -24.94
  26   -25.92
  27   -26.92
  28   -27.92
  29   -28.92
  30   -29.91
  31   -30.91
  32   -31.91
  33   -32.90
  34   -33.90
  35   -34.87
  36   -35.81
  37   -36.68
  38   -37.63
  39   -38.39
  40   -39.31
  41   -40.28
  42   -41.15
  43   -42.09
  44   -42.99
  45   -43.80
  46   -44.69
  47   -45.29
  48   -46.08
  49   -46.88
  50   -47.64
  51   -48.42
  52   -49.31
  53   -50.15
  54   -50.95
  55   -51.53
  56   -52.26
  57   -53.02
  58   -53.74
  59   -54.41
  60   -54.86
  61   -55.41
  62   -55.98
  63   -56.72
  64   -57.40
  65   -57.86
  66   -58.37
  67   -58.70
  68   -59.20
  69   -59.70
  70   -60.16
  71   -60.75
  72   -61.49
  73   -62.15
  74   -62.72
  75   -63.40
  76   -63.82
  77   -64.12
  78   -64.65
  79   -65.26
  80   -65.69
  81   -66.21
  82   -66.53
  83   -66.74
  84   -66.92
  85   -67.64
  86   -68.32
  87   -68.81
  88   -69.36
  89   -69.67
  90   -69.47
  91   -70.05
  92   -70.68
  93   -71.08
  94   -71.40
  95   -72.05
  96   -72.74
  97   -73.39
  98   -73.37
  99   -73.53
 100   -73.44
 101   -73.74
 102   -74.49
 103   -74.79
 104   -75.10
 105   -75.09
 106   -75.13
 107   -75.41
 108   -75.69
 109   -75.80
 110   -76.29
 111   -76.84
 112   -77.45
 113   -78.05
 114   -78.62
 115   -78.91
 116   -79.51
 117   -79.99
 118   -80.47
 119   -80.45
 120   -81.32
 121   -81.72
 122   -82.42
 123   -83.12
 124   -83.27
 125   -83.39
 126   -82.89
 127   -83.22
 128   -83.40
 129   -83.73
 130   -84.11
 131   -84.39
 132   -84.87
 133   -84.81
 134   -85.34
 135   -85.47
 136   -84.81
 137   -84.83
 138   -84.66
 139   -84.93
 140   -84.43
 141   -84.63
 142   -84.19
 143   -84.45
 144   -84.32
 145   -83.95
 146   -84.52
 147   -84.34
 148   -83.00
 149   -82.31
 150   -81.71
 151   -80.12
 152   -79.05
 153   -78.94
 154   -78.57
 155   -77.82
 156   -77.65
 157   -78.07
 158   -77.20
 159   -76.62
 160   -76.69
 161   -76.01
 162   -74.98
 163   -74.29
 164   -72.41
 165   -71.28
 166   -70.71
 167   -69.38
 168   -68.62
 169   -68.09
 170   -67.10
 171   -65.98
 172   -65.46
 173   -64.71
 174   -63.66
 175   -63.72
 176   -63.15
 177   -62.40
 178   -61.90
 179   -62.02
 180   -61.83
 181   -60.80
 182   -59.25
 183   -58.67
 184   -58.46
 185   -58.33
 186   -57.57
 187   -57.15
 188   -56.06
 189   -55.46
 190   -55.07
 191   -53.78
 192   -54.21
 193   -53.65
 194   -53.44
 195   -51.29
 196   -47.13
 197   -45.59
 198   -43.73
 199   -42.06
 200   -39.87
 201   -38.92
 202   -35.91
 203   -34.01
 204   -33.17
 205   -32.21
 206   -30.92
 207   -28.42
 208   -27.57
 209   -25.21
 210   -22.66
 211   -21.82
 212   -20.68
 213   -17.14
 214   -14.99
 215   -13.18
 216   -12.43
 217   -10.59
 218    -9.74
 219    -9.00
 220    -7.67
 221    -6.69
 222    -4.95
 223    -3.12
 224    -2.04
 225    -0.10
 226     0.97
 227     1.26
 228     2.72
 229     3.79
 230     4.45
 231     5.66
 232     6.86
 233     8.37
 234     8.36
 235     8.63
 236     8.92
 237    12.69
 238    13.49
 239    15.96
 240    16.41
 241    17.05
 242    19.33
 243    19.31
 244    20.84
 245    20.86
 246    21.04
 247    21.42
 248    21.68
 249    23.25
 250    25.24
 251    26.39
 252    27.27
 253    29.00
 254    29.89
 255    31.05
 256    31.75
 257    31.88
 258    31.58
 259    33.06
 260    33.93
 261    34.80
 262    34.56
 263    34.50
 264    34.20
 265    34.84
 266    36.19
 267    36.29
 268    35.76
 269    35.79
 270    36.55
 271    37.28
 272    37.63
 273    39.01
 274    40.87
 275    42.88
 276    44.67
 277    46.09
 278    47.98
 279    49.06
 280    48.94
 281    48.99
 282    51.72
 283    54.38
 284    55.07
 285    55.54
 286    55.87
 287    55.50
 288    55.55
 289    56.29
 290    56.36
 291    56.52
 292    55.96
 293    55.66
 294    55.74
 295    56.16
 296    56.99
 297    57.06
 298    57.05
 299    56.86
 300    56.51
 301    56.29
 302    55.87
 303    55.83
 304    55.74
 305    55.71
 306    55.23
 307    54.78
 308    54.46
 309    54.09
 310    53.45
 311    52.73
 312    52.10
 313    51.48
 314    50.66
 315    49.81
 316    48.92
 317    48.10
 318    47.31
 319    46.49
 320    45.69
 321    44.75
 322    43.78
 323    42.82
 324    41.82
 325    40.84
 326    39.87
 327    38.90
 328    37.92
 329    36.94
 330    35.94
 331    34.95
 332    33.95
 333    33.02
 334    32.02
 335    31.02
 336    30.05
 337    29.06
 338    28.06
 339    27.06
 340    26.05
 341    25.05
 342    24.06
 343    23.05
 344    22.05
 345    21.05
 346    20.05
 347    19.05
 348    18.04
 349    17.04
 350    16.04
 351    15.03
 352    14.03
 353    13.03
 354    12.03
 355    11.03
 356    10.02
 357     9.02
 358     8.02
 359     7.01
 360     6.01
 361     5.01
 362     4.01
 363     3.01
 364     2.00
 365     1.00
 366    -0.00
