  01    -0.90
  02    -0.88
  03    -1.80
  04    -2.63
  05    -3.40
  06    -4.18
  07    -4.77
  08    -5.63
  09    -6.28
  10    -7.18
  11    -7.66
  12    -8.56
  13    -9.58
  14   -10.17
  15   -11.11
  16   -12.12
  17   -12.87
  18   -13.76
  19   -14.78
  20   -15.66
  21   -16.68
  22   -17.44
  23   -18.45
  24   -19.39
  25   -20.19
  26   -20.82
  27   -21.51
  28   -22.04
  29   -23.06
  30   -23.95
  31   -24.85
  32   -25.43
  33   -26.45
  34   -27.28
  35   -27.56
  36   -28.16
  37   -29.16
  38   -30.18
  39   -30.77
  40   -31.43
  41   -32.28
  42   -32.83
  43   -33.52
  44   -34.45
  45   -34.96
  46   -35.76
  47   -36.42
  48   -37.08
  49   -37.56
  50   -37.88
  51   -38.71
  52   -39.19
  53   -39.56
  54   -40.47
  55   -40.37
  56   -40.76
  57   -40.81
  58   -40.63
  59   -40.89
  60   -41.48
  61   -41.89
  62   -42.33
  63   -43.24
  64   -43.15
  65   -43.47
  66   -43.68
  67   -42.91
  68   -42.87
  69   -43.45
  70   -43.62
  71   -44.49
  72   -44.49
  73   -45.18
  74   -45.49
  75   -45.36
  76   -45.26
  77   -45.73
  78   -46.37
  79   -47.11
  80   -47.08
  81   -47.14
  82   -47.57
  83   -46.65
  84   -47.31
  85   -47.88
  86   -48.24
  87   -48.90
  88   -48.70
  89   -49.16
  90   -49.92
  91   -49.89
  92   -50.21
  93   -50.28
  94   -50.32
  95   -50.29
  96   -50.83
  97   -51.08
  98   -51.12
  99   -51.18
 100   -51.69
 101   -51.90
 102   -52.46
 103   -52.27
 104   -52.43
 105   -52.29
 106   -52.55
 107   -51.83
 108   -52.05
 109   -51.59
 110   -51.41
 111   -50.45
 112   -50.70
 113   -50.91
 114   -50.51
 115   -50.13
 116   -50.21
 117   -50.58
 118   -49.93
 119   -49.22
 120   -48.70
 121   -48.21
 122   -47.06
 123   -46.70
 124   -46.07
 125   -45.15
 126   -44.41
 127   -43.94
 128   -43.01
 129   -41.67
 130   -41.42
 131   -41.98
 132   -41.63
 133   -40.34
 134   -40.34
 135   -39.59
 136   -38.84
 137   -37.38
 138   -35.57
 139   -34.91
 140   -34.67
 141   -34.05
 142   -32.66
 143   -31.59
 144   -31.17
 145   -30.69
 146   -28.64
 147   -25.77
 148   -24.27
 149   -21.26
 150   -19.59
 151   -18.24
 152   -16.66
 153   -13.83
 154   -11.36
 155    -7.62
 156    -4.10
 157    -0.36
 158     1.02
 159     2.87
 160     6.66
 161    10.50
 162    14.43
 163    17.71
 164    20.87
 165    22.15
 166    23.83
 167    26.28
 168    28.48
 169    29.94
 170    34.13
 171    37.18
 172    39.47
 173    42.44
 174    45.56
 175    46.30
 176    48.43
 177    49.38
 178    50.30
 179    52.57
 180    53.28
 181    55.16
 182    55.69
 183    55.61
 184    56.30
 185    56.23
 186    57.16
 187    57.63
 188    57.63
 189    57.53
 190    58.29
 191    58.14
 192    60.47
 193    60.62
 194    61.37
 195    61.28
 196    61.41
 197    61.82
 198    62.19
 199    62.81
 200    62.50
 201    62.97
 202    62.96
 203    62.31
 204    61.59
 205    60.75
 206    60.68
 207    60.50
 208    59.87
 209    59.98
 210    59.23
 211    58.81
 212    58.78
 213    58.30
 214    57.87
 215    57.61
 216    57.68
 217    56.99
 218    56.67
 219    56.08
 220    55.64
 221    55.30
 222    54.51
 223    53.75
 224    52.93
 225    52.51
 226    52.06
 227    51.33
 228    50.44
 229    50.16
 230    49.49
 231    48.68
 232    47.88
 233    47.27
 234    46.49
 235    46.06
 236    45.81
 237    44.97
 238    44.22
 239    43.81
 240    42.96
 241    42.17
 242    41.33
 243    40.58
 244    39.74
 245    39.25
 246    38.39
 247    37.83
 248    38.05
 249    37.98
 250    37.59
 251    37.24
 252    36.46
 253    35.89
 254    35.16
 255    34.84
 256    34.17
 257    33.85
 258    33.63
 259    33.61
 260    33.20
 261    32.76
 262    32.03
 263    31.35
 264    30.74
 265    30.24
 266    29.57
 267    28.98
 268    28.62
 269    28.32
 270    28.18
 271    27.45
 272    26.84
 273    26.27
 274    26.50
 275    26.21
 276    26.18
 277    25.88
 278    25.87
 279    25.91
 280    25.62
 281    25.75
 282    25.64
 283    25.36
 284    25.44
 285    25.12
 286    24.74
 287    24.41
 288    24.77
 289    24.37
 290    24.29
 291    24.48
 292    24.74
 293    25.10
 294    24.99
 295    25.89
 296    25.65
 297    26.26
 298    26.68
 299    26.28
 300    26.12
 301    27.21
 302    26.88
 303    26.99
 304    26.62
 305    26.35
 306    27.35
 307    27.04
 308    26.39
 309    26.31
 310    25.84
 311    26.23
 312    25.75
 313    25.90
 314    25.38
 315    25.10
 316    24.68
 317    24.64
 318    24.72
 319    24.22
 320    23.98
 321    23.56
 322    23.22
 323    23.06
 324    23.59
 325    23.45
 326    23.63
 327    23.60
 328    22.83
 329    22.08
 330    21.47
 331    21.93
 332    22.26
 333    21.46
 334    20.68
 335    20.59
 336    20.02
 337    19.18
 338    18.69
 339    17.75
 340    17.08
 341    16.30
 342    15.95
 343    15.30
 344    14.55
 345    14.05
 346    14.00
 347    13.93
 348    13.56
 349    12.76
 350    12.17
 351    11.45
 352    10.64
 353    10.31
 354     9.46
 355     8.92
 356     8.35
 357     7.88
 358     7.19
 359     6.24
 360     5.50
 361     4.64
 362     3.74
 363     2.90
 364     1.96
 365     1.02
 366    -0.00
