  01    -0.40
  02    -0.82
  03    -1.81
  04    -2.53
  05    -2.90
  06    -3.78
  07    -4.79
  08    -5.60
  09    -6.22
  10    -7.05
  11    -7.89
  12    -8.71
  13    -9.69
  14   -10.52
  15   -10.88
  16   -11.88
  17   -12.85
  18   -13.50
  19   -14.08
  20   -14.68
  21   -15.31
  22   -16.15
  23   -16.95
  24   -17.85
  25   -18.59
  26   -19.05
  27   -19.92
  28   -20.81
  29   -21.53
  30   -22.53
  31   -23.32
  32   -24.26
  33   -25.26
  34   -26.19
  35   -27.10
  36   -28.02
  37   -28.96
  38   -29.86
  39   -30.57
  40   -31.42
  41   -31.96
  42   -32.58
  43   -33.19
  44   -33.73
  45   -34.33
  46   -34.44
  47   -35.46
  48   -36.25
  49   -37.00
  50   -37.57
  51   -38.18
  52   -39.11
  53   -39.90
  54   -40.62
  55   -41.14
  56   -41.44
  57   -42.00
  58   -42.85
  59   -42.54
  60   -42.26
  61   -43.11
  62   -43.93
  63   -44.28
  64   -44.77
  65   -45.04
  66   -45.44
  67   -45.58
  68   -45.24
  69   -45.50
  70   -45.88
  71   -46.48
  72   -46.38
  73   -46.97
  74   -46.93
  75   -47.45
  76   -48.28
  77   -48.68
  78   -48.61
  79   -48.62
  80   -49.06
  81   -49.22
  82   -49.64
  83   -49.79
  84   -50.22
  85   -50.73
  86   -51.28
  87   -52.03
  88   -52.96
  89   -53.81
  90   -54.64
  91   -54.82
  92   -54.89
  93   -54.56
  94   -55.12
  95   -55.42
  96   -55.71
  97   -55.92
  98   -56.58
  99   -57.02
 100   -57.34
 101   -57.44
 102   -57.79
 103   -57.40
 104   -57.66
 105   -57.77
 106   -57.78
 107   -57.93
 108   -58.04
 109   -58.34
 110   -58.44
 111   -58.93
 112   -59.00
 113   -57.72
 114   -57.57
 115   -57.56
 116   -56.18
 117   -56.34
 118   -55.76
 119   -55.69
 120   -54.81
 121   -54.79
 122   -55.05
 123   -54.46
 124   -53.94
 125   -54.40
 126   -53.63
 127   -53.39
 128   -53.34
 129   -53.20
 130   -52.37
 131   -50.97
 132   -50.06
 133   -49.38
 134   -49.35
 135   -49.13
 136   -48.54
 137   -48.31
 138   -48.05
 139   -46.94
 140   -46.06
 141   -44.60
 142   -43.10
 143   -42.56
 144   -41.75
 145   -39.70
 146   -38.57
 147   -36.86
 148   -35.94
 149   -32.12
 150   -28.94
 151   -26.21
 152   -24.72
 153   -20.98
 154   -17.47
 155   -14.88
 156   -10.81
 157    -8.78
 158    -7.75
 159    -6.04
 160    -2.82
 161     2.03
 162     5.85
 163     8.88
 164    10.44
 165    12.62
 166    14.75
 167    16.91
 168    19.13
 169    20.73
 170    20.88
 171    22.02
 172    22.87
 173    23.94
 174    26.41
 175    27.67
 176    29.27
 177    29.95
 178    32.50
 179    33.98
 180    35.89
 181    37.24
 182    39.03
 183    40.52
 184    41.08
 185    43.01
 186    44.55
 187    45.11
 188    46.76
 189    46.72
 190    46.89
 191    46.81
 192    47.57
 193    47.36
 194    46.88
 195    46.88
 196    47.31
 197    47.34
 198    46.85
 199    46.50
 200    46.33
 201    46.54
 202    45.85
 203    45.26
 204    44.81
 205    44.05
 206    43.10
 207    42.68
 208    41.81
 209    41.05
 210    40.36
 211    39.49
 212    38.65
 213    37.77
 214    37.17
 215    36.56
 216    35.93
 217    35.60
 218    34.74
 219    34.00
 220    33.08
 221    32.13
 222    31.38
 223    30.58
 224    29.71
 225    29.15
 226    29.76
 227    28.86
 228    28.05
 229    27.22
 230    26.31
 231    25.47
 232    24.59
 233    24.25
 234    24.01
 235    23.24
 236    22.34
 237    21.80
 238    21.09
 239    20.49
 240    19.56
 241    18.91
 242    18.14
 243    18.18
 244    17.53
 245    16.87
 246    16.41
 247    15.58
 248    14.69
 249    13.86
 250    13.23
 251    12.28
 252    11.35
 253    10.55
 254     9.87
 255     9.50
 256     8.74
 257     8.17
 258     7.56
 259     6.76
 260     6.00
 261     5.78
 262     5.46
 263     4.79
 264     3.88
 265     3.52
 266     3.32
 267     2.78
 268     2.19
 269     2.58
 270     3.12
 271     2.98
 272     2.43
 273     2.18
 274     1.60
 275     1.34
 276     0.45
 277    -0.00
 278    -0.23
 279     0.39
 280     0.22
 281     1.20
 282     3.35
 283     4.09
 284     3.93
 285     4.13
 286     4.30
 287     4.68
 288     4.87
 289     5.38
 290     5.86
 291     6.73
 292     7.83
 293     8.96
 294    10.81
 295    11.11
 296    11.85
 297    13.03
 298    13.46
 299    13.13
 300    12.95
 301    13.66
 302    14.05
 303    14.97
 304    16.03
 305    17.15
 306    16.61
 307    17.14
 308    18.39
 309    19.40
 310    20.05
 311    19.91
 312    19.38
 313    19.90
 314    19.92
 315    20.43
 316    20.34
 317    20.05
 318    20.19
 319    19.81
 320    19.22
 321    19.31
 322    19.87
 323    20.13
 324    19.88
 325    19.25
 326    19.01
 327    19.31
 328    19.26
 329    19.27
 330    19.28
 331    19.14
 332    18.61
 333    17.95
 334    17.43
 335    17.30
 336    16.92
 337    16.57
 338    16.54
 339    16.53
 340    16.57
 341    16.15
 342    15.34
 343    14.91
 344    14.10
 345    13.38
 346    13.42
 347    12.94
 348    12.35
 349    11.88
 350    11.67
 351    10.81
 352    10.05
 353     9.20
 354     8.43
 355     7.79
 356     7.07
 357     6.24
 358     5.28
 359     4.67
 360     3.73
 361     3.16
 362     3.01
 363     2.09
 364     1.33
 365     0.60
 366    -0.00
