  01    -1.07
  02    -2.14
  03    -3.21
  04    -4.29
  05    -5.36
  06    -6.37
  07    -7.42
  08    -8.49
  09    -9.56
  10   -10.63
  11   -11.70
  12   -12.77
  13   -13.84
  14   -14.86
  15   -15.94
  16   -17.01
  17   -18.08
  18   -19.15
  19   -20.22
  20   -21.28
  21   -22.34
  22   -23.41
  23   -24.46
  24   -24.91
  25   -25.98
  26   -27.06
  27   -28.13
  28   -29.18
  29   -30.25
  30   -31.31
  31   -32.39
  32   -33.46
  33   -34.53
  34   -35.60
  35   -36.63
  36   -37.70
  37   -38.77
  38   -39.84
  39   -40.83
  40   -41.90
  41   -42.97
  42   -43.52
  43   -44.47
  44   -45.52
  45   -46.59
  46   -47.66
  47   -48.38
  48   -49.45
  49   -50.52
  50   -51.40
  51   -52.37
  52   -53.44
  53   -54.27
  54   -55.20
  55   -55.50
  56   -56.57
  57   -57.47
  58   -58.54
  59   -59.49
  60   -59.90
  61   -60.71
  62   -60.77
  63   -61.37
  64   -61.51
  65   -62.59
  66   -62.39
  67   -63.08
  68   -63.30
  69   -64.21
  70   -64.35
  71   -65.08
  72   -65.65
  73   -66.55
  74   -67.20
  75   -68.06
  76   -68.49
  77   -69.06
  78   -68.02
  79   -68.14
  80   -68.92
  81   -69.32
  82   -69.39
  83   -69.91
  84   -70.76
  85   -71.31
  86   -71.44
  87   -72.01
  88   -71.25
  89   -71.70
  90   -71.03
  91   -71.25
  92   -70.84
  93   -71.17
  94   -71.42
  95   -72.10
  96   -72.52
  97   -72.59
  98   -72.69
  99   -72.75
 100   -70.94
 101   -71.34
 102   -71.89
 103   -72.53
 104   -72.09
 105   -73.02
 106   -73.28
 107   -73.72
 108   -74.28
 109   -73.26
 110   -72.47
 111   -71.56
 112   -71.18
 113   -71.54
 114   -71.96
 115   -72.79
 116   -71.11
 117   -68.52
 118   -69.32
 119   -69.91
 120   -69.75
 121   -69.18
 122   -68.11
 123   -67.68
 124   -68.35
 125   -69.30
 126   -67.02
 127   -67.76
 128   -67.03
 129   -66.73
 130   -66.72
 131   -65.97
 132   -65.83
 133   -66.68
 134   -66.55
 135   -65.72
 136   -65.19
 137   -65.41
 138   -64.24
 139   -63.51
 140   -63.59
 141   -64.13
 142   -63.53
 143   -63.08
 144   -62.29
 145   -62.22
 146   -62.24
 147   -61.36
 148   -61.10
 149   -60.75
 150   -61.00
 151   -59.76
 152   -58.45
 153   -58.14
 154   -57.80
 155   -57.52
 156   -56.17
 157   -55.77
 158   -55.78
 159   -54.25
 160   -52.96
 161   -50.53
 162   -50.47
 163   -49.62
 164   -49.04
 165   -46.84
 166   -46.74
 167   -44.45
 168   -43.60
 169   -43.17
 170   -42.82
 171   -42.15
 172   -41.75
 173   -41.36
 174   -41.46
 175   -41.22
 176   -41.15
 177   -39.72
 178   -39.29
 179   -39.20
 180   -38.24
 181   -37.01
 182   -35.61
 183   -35.37
 184   -33.51
 185   -32.06
 186   -31.11
 187   -28.11
 188   -28.19
 189   -27.29
 190   -27.25
 191   -26.63
 192   -24.24
 193   -22.72
 194   -20.49
 195   -18.85
 196   -17.87
 197   -17.23
 198   -17.22
 199   -13.59
 200   -12.98
 201   -13.14
 202   -11.87
 203   -11.39
 204    -9.29
 205    -7.87
 206    -6.83
 207    -5.35
 208    -4.90
 209    -3.25
 210    -3.07
 211    -2.88
 212    -2.49
 213    -0.95
 214     0.41
 215     0.67
 216     1.21
 217     1.60
 218     2.15
 219     2.18
 220     2.06
 221     1.33
 222     1.39
 223     2.14
 224     3.05
 225     3.06
 226     3.37
 227     3.21
 228     3.66
 229     3.47
 230     4.13
 231     4.48
 232     5.40
 233     5.41
 234     7.39
 235     8.57
 236     9.21
 237     9.76
 238     9.96
 239    10.26
 240    11.53
 241    12.59
 242    13.87
 243    14.84
 244    15.57
 245    16.66
 246    18.27
 247    21.93
 248    23.34
 249    25.76
 250    25.97
 251    28.29
 252    30.11
 253    31.23
 254    33.18
 255    33.79
 256    34.96
 257    37.78
 258    39.35
 259    40.67
 260    42.45
 261    43.44
 262    45.83
 263    46.41
 264    47.18
 265    47.80
 266    49.10
 267    49.95
 268    50.82
 269    51.67
 270    52.18
 271    52.78
 272    52.84
 273    54.26
 274    55.44
 275    56.70
 276    57.86
 277    58.23
 278    58.61
 279    59.52
 280    59.83
 281    59.97
 282    60.81
 283    60.94
 284    61.67
 285    61.93
 286    62.07
 287    61.29
 288    60.65
 289    60.12
 290    59.34
 291    58.54
 292    58.08
 293    57.59
 294    57.53
 295    57.65
 296    57.54
 297    56.74
 298    57.59
 299    56.78
 300    56.33
 301    56.66
 302    56.62
 303    56.13
 304    56.28
 305    55.84
 306    55.59
 307    55.06
 308    55.30
 309    54.98
 310    54.24
 311    53.81
 312    52.93
 313    52.04
 314    51.20
 315    50.13
 316    49.24
 317    48.26
 318    47.48
 319    46.45
 320    45.39
 321    44.47
 322    43.40
 323    42.38
 324    41.65
 325    40.61
 326    39.54
 327    38.49
 328    37.43
 329    36.36
 330    35.29
 331    34.22
 332    33.15
 333    32.16
 334    31.09
 335    30.12
 336    29.39
 337    28.34
 338    27.50
 339    26.43
 340    25.63
 341    24.55
 342    23.64
 343    22.73
 344    21.66
 345    20.80
 346    19.92
 347    18.88
 348    18.43
 349    17.43
 350    16.36
 351    15.29
 352    14.33
 353    13.37
 354    12.30
 355    11.51
 356    10.50
 357     9.46
 358     8.39
 359     7.32
 360     6.24
 361     5.19
 362     4.12
 363     3.05
 364     1.99
 365     1.08
 366     0.01
