  01    -1.08
  02    -1.71
  03    -2.80
  04    -3.88
  05    -4.96
  06    -6.05
  07    -7.13
  08    -8.21
  09    -9.30
  10   -10.38
  11   -11.46
  12   -12.55
  13   -13.63
  14   -14.56
  15   -15.64
  16   -16.73
  17   -17.81
  18   -18.62
  19   -19.70
  20   -20.54
  21   -21.63
  22   -22.71
  23   -23.79
  24   -24.87
  25   -25.96
  26   -27.04
  27   -28.13
  28   -29.21
  29   -30.24
  30   -31.33
  31   -32.41
  32   -33.49
  33   -34.16
  34   -35.21
  35   -36.23
  36   -37.21
  37   -38.29
  38   -39.37
  39   -40.46
  40   -41.54
  41   -42.59
  42   -42.91
  43   -43.42
  44   -44.49
  45   -45.33
  46   -46.39
  47   -47.28
  48   -48.03
  49   -49.11
  50   -50.11
  51   -50.90
  52   -51.84
  53   -52.93
  54   -53.84
  55   -54.64
  56   -55.72
  57   -56.67
  58   -57.72
  59   -57.40
  60   -58.39
  61   -58.26
  62   -59.23
  63   -60.32
  64   -61.32
  65   -62.34
  66   -63.18
  67   -63.48
  68   -63.71
  69   -64.50
  70   -64.91
  71   -64.48
  72   -64.74
  73   -65.13
  74   -65.97
  75   -66.83
  76   -67.56
  77   -67.94
  78   -68.39
  79   -68.72
  80   -69.43
  81   -69.21
  82   -69.56
  83   -70.52
  84   -71.28
  85   -71.97
  86   -72.28
  87   -73.12
  88   -73.71
  89   -74.50
  90   -74.67
  91   -74.52
  92   -74.70
  93   -75.45
  94   -74.62
  95   -74.16
  96   -74.04
  97   -74.10
  98   -73.40
  99   -71.95
 100   -72.26
 101   -71.97
 102   -71.75
 103   -71.92
 104   -72.18
 105   -71.72
 106   -72.11
 107   -72.34
 108   -72.85
 109   -71.12
 110   -70.71
 111   -70.51
 112   -70.67
 113   -69.64
 114   -70.22
 115   -70.25
 116   -70.11
 117   -69.11
 118   -69.10
 119   -68.60
 120   -68.46
 121   -68.40
 122   -68.44
 123   -67.54
 124   -67.99
 125   -68.61
 126   -68.55
 127   -68.89
 128   -69.14
 129   -68.72
 130   -68.19
 131   -67.21
 132   -67.43
 133   -66.40
 134   -66.73
 135   -66.36
 136   -66.04
 137   -65.17
 138   -64.66
 139   -64.84
 140   -62.34
 141   -62.41
 142   -61.72
 143   -61.94
 144   -60.40
 145   -58.30
 146   -58.22
 147   -56.89
 148   -56.68
 149   -55.41
 150   -55.42
 151   -55.24
 152   -53.32
 153   -51.89
 154   -51.39
 155   -49.41
 156   -50.00
 157   -50.48
 158   -49.49
 159   -49.04
 160   -48.58
 161   -48.39
 162   -47.79
 163   -47.88
 164   -47.78
 165   -46.99
 166   -45.77
 167   -44.14
 168   -43.98
 169   -43.13
 170   -43.01
 171   -42.74
 172   -43.14
 173   -42.37
 174   -42.43
 175   -40.34
 176   -39.01
 177   -38.83
 178   -37.87
 179   -37.74
 180   -36.19
 181   -36.61
 182   -36.17
 183   -35.54
 184   -34.28
 185   -33.46
 186   -31.74
 187   -31.81
 188   -32.23
 189   -32.43
 190   -30.44
 191   -29.11
 192   -28.47
 193   -28.56
 194   -28.53
 195   -27.85
 196   -26.91
 197   -26.50
 198   -25.41
 199   -25.69
 200   -25.72
 201   -24.62
 202   -24.03
 203   -23.44
 204   -21.91
 205   -21.44
 206   -21.43
 207   -21.18
 208   -21.60
 209   -21.03
 210   -19.73
 211   -20.02
 212   -18.47
 213   -18.07
 214   -17.21
 215   -17.64
 216   -17.60
 217   -16.98
 218   -16.90
 219   -16.05
 220   -15.90
 221   -15.58
 222   -15.34
 223   -14.94
 224   -14.80
 225   -12.29
 226   -11.13
 227   -10.37
 228    -9.82
 229    -9.65
 230    -8.29
 231    -8.39
 232    -7.45
 233    -6.66
 234    -5.10
 235    -3.93
 236    -3.16
 237    -1.53
 238     1.79
 239     2.44
 240     3.54
 241     4.94
 242     6.35
 243     8.07
 244     9.81
 245     9.98
 246    10.87
 247    12.72
 248    14.27
 249    16.55
 250    17.35
 251    21.12
 252    21.83
 253    21.95
 254    23.48
 255    24.52
 256    26.67
 257    27.76
 258    30.18
 259    31.26
 260    31.55
 261    33.33
 262    34.76
 263    37.14
 264    39.21
 265    40.30
 266    42.22
 267    44.16
 268    44.67
 269    45.46
 270    48.25
 271    49.87
 272    50.04
 273    50.26
 274    51.39
 275    54.36
 276    56.56
 277    57.91
 278    58.30
 279    58.77
 280    58.77
 281    59.33
 282    60.14
 283    59.46
 284    60.51
 285    60.37
 286    59.91
 287    60.70
 288    60.30
 289    59.98
 290    60.74
 291    61.18
 292    62.01
 293    61.85
 294    62.04
 295    61.94
 296    62.09
 297    62.52
 298    61.63
 299    61.21
 300    60.51
 301    60.32
 302    59.40
 303    59.13
 304    58.74
 305    58.13
 306    57.22
 307    57.13
 308    56.29
 309    55.45
 310    54.79
 311    54.61
 312    53.68
 313    53.02
 314    52.00
 315    51.01
 316    50.35
 317    49.37
 318    48.30
 319    47.24
 320    46.38
 321    45.30
 322    44.27
 323    43.51
 324    42.47
 325    41.39
 326    40.31
 327    39.59
 328    38.59
 329    38.41
 330    37.34
 331    36.27
 332    35.18
 333    34.10
 334    33.01
 335    32.02
 336    31.57
 337    30.50
 338    29.71
 339    28.63
 340    27.54
 341    26.48
 342    25.39
 343    24.32
 344    23.24
 345    22.27
 346    21.19
 347    20.22
 348    19.14
 349    18.08
 350    17.02
 351    15.97
 352    14.89
 353    13.81
 354    12.73
 355    11.64
 356    10.56
 357     9.48
 358     8.41
 359     7.33
 360     6.37
 361     5.29
 362     4.34
 363     3.26
 364     2.17
 365     1.09
 366     0.01
