  01    -0.79
  02    -1.59
  03    -2.38
  04    -3.18
  05    -3.97
  06    -4.77
  07    -5.56
  08    -6.35
  09    -7.15
  10    -7.94
  11    -8.74
  12    -9.53
  13   -10.33
  14   -11.12
  15   -11.91
  16   -12.71
  17   -13.50
  18   -14.30
  19   -15.09
  20   -15.89
  21   -16.68
  22   -17.47
  23   -18.27
  24   -19.06
  25   -19.86
  26   -20.65
  27   -21.45
  28   -22.24
  29   -23.03
  30   -23.83
  31   -24.62
  32   -25.42
  33   -26.21
  34   -27.01
  35   -27.80
  36   -28.59
  37   -29.35
  38   -30.15
  39   -30.94
  40   -31.73
  41   -32.52
  42   -33.32
  43   -34.06
  44   -34.69
  45   -35.33
  46   -36.05
  47   -36.84
  48   -37.64
  49   -38.43
  50   -39.20
  51   -39.99
  52   -40.79
  53   -41.58
  54   -42.36
  55   -43.14
  56   -43.93
  57   -44.72
  58   -45.52
  59   -46.31
  60   -47.07
  61   -47.83
  62   -48.62
  63   -49.20
  64   -49.99
  65   -50.77
  66   -51.56
  67   -52.36
  68   -53.13
  69   -53.90
  70   -54.68
  71   -55.45
  72   -56.19
  73   -56.95
  74   -57.72
  75   -58.47
  76   -59.22
  77   -60.00
  78   -60.78
  79   -61.56
  80   -62.32
  81   -63.03
  82   -63.76
  83   -64.44
  84   -65.18
  85   -65.86
  86   -66.42
  87   -67.09
  88   -67.81
  89   -68.46
  90   -69.24
  91   -70.01
  92   -70.55
  93   -71.25
  94   -71.93
  95   -72.64
  96   -73.36
  97   -74.01
  98   -74.68
  99   -75.34
 100   -75.99
 101   -76.58
 102   -77.15
 103   -77.74
 104   -78.37
 105   -78.99
 106   -79.30
 107   -79.93
 108   -80.49
 109   -80.96
 110   -81.43
 111   -81.71
 112   -82.21
 113   -82.68
 114   -83.18
 115   -83.79
 116   -84.32
 117   -84.75
 118   -85.13
 119   -85.38
 120   -85.71
 121   -86.29
 122   -86.71
 123   -87.13
 124   -87.52
 125   -87.82
 126   -87.69
 127   -88.08
 128   -88.62
 129   -89.05
 130   -89.11
 131   -89.03
 132   -89.37
 133   -89.62
 134   -89.90
 135   -90.19
 136   -89.99
 137   -89.79
 138   -88.93
 139   -88.79
 140   -88.64
 141   -88.71
 142   -88.71
 143   -88.78
 144   -89.09
 145   -88.95
 146   -89.18
 147   -88.55
 148   -85.02
 149   -84.90
 150   -84.21
 151   -83.22
 152   -82.88
 153   -82.28
 154   -81.15
 155   -81.38
 156   -80.62
 157   -80.22
 158   -79.80
 159   -79.43
 160   -79.21
 161   -78.20
 162   -78.01
 163   -78.00
 164   -77.61
 165   -76.87
 166   -76.99
 167   -76.55
 168   -76.48
 169   -75.94
 170   -74.94
 171   -74.78
 172   -74.57
 173   -73.97
 174   -73.59
 175   -73.10
 176   -72.35
 177   -72.29
 178   -72.35
 179   -72.15
 180   -71.67
 181   -70.68
 182   -70.58
 183   -70.66
 184   -70.12
 185   -68.96
 186   -68.85
 187   -68.44
 188   -68.03
 189   -68.19
 190   -67.84
 191   -67.65
 192   -66.89
 193   -66.50
 194   -66.67
 195   -65.74
 196   -64.63
 197   -64.10
 198   -63.90
 199   -63.63
 200   -63.22
 201   -62.80
 202   -61.79
 203   -60.44
 204   -57.90
 205   -57.68
 206   -57.70
 207   -57.21
 208   -56.99
 209   -55.96
 210   -55.14
 211   -54.59
 212   -53.22
 213   -51.78
 214   -51.04
 215   -50.66
 216   -50.20
 217   -49.10
 218   -47.01
 219   -43.51
 220   -41.55
 221   -41.21
 222   -41.10
 223   -40.94
 224   -39.89
 225   -38.97
 226   -37.92
 227   -37.41
 228   -37.20
 229   -36.50
 230   -34.93
 231   -34.15
 232   -33.54
 233   -33.51
 234   -30.29
 235   -29.42
 236   -27.62
 237   -25.61
 238   -24.55
 239   -22.82
 240   -21.28
 241   -19.92
 242   -19.46
 243   -18.35
 244   -16.52
 245   -14.53
 246   -13.32
 247   -11.82
 248   -11.10
 249    -8.51
 250    -6.95
 251    -5.43
 252    -2.79
 253    -0.88
 254     5.55
 255     7.42
 256    10.08
 257    12.20
 258    13.03
 259    14.24
 260    16.72
 261    19.45
 262    20.36
 263    20.60
 264    23.26
 265    25.12
 266    27.08
 267    28.65
 268    30.22
 269    32.88
 270    33.82
 271    34.34
 272    35.62
 273    38.31
 274    38.75
 275    40.12
 276    41.01
 277    41.76
 278    42.38
 279    42.80
 280    43.12
 281    44.35
 282    46.14
 283    46.66
 284    48.22
 285    48.24
 286    48.96
 287    49.03
 288    49.28
 289    49.79
 290    49.42
 291    49.86
 292    49.98
 293    50.13
 294    50.44
 295    51.72
 296    52.14
 297    51.54
 298    50.87
 299    50.32
 300    50.00
 301    49.65
 302    49.10
 303    48.66
 304    48.04
 305    47.34
 306    46.62
 307    45.95
 308    45.34
 309    44.71
 310    44.05
 311    43.36
 312    42.58
 313    41.83
 314    41.04
 315    40.35
 316    39.60
 317    38.84
 318    38.09
 319    37.31
 320    36.52
 321    35.73
 322    34.93
 323    34.14
 324    33.34
 325    32.56
 326    31.76
 327    30.97
 328    30.17
 329    29.38
 330    28.59
 331    27.79
 332    27.00
 333    26.20
 334    25.41
 335    24.61
 336    23.82
 337    23.03
 338    22.23
 339    21.44
 340    20.64
 341    19.85
 342    19.05
 343    18.26
 344    17.47
 345    16.67
 346    15.88
 347    15.08
 348    14.29
 349    13.49
 350    12.70
 351    11.91
 352    11.11
 353    10.32
 354     9.52
 355     8.73
 356     7.93
 357     7.14
 358     6.35
 359     5.55
 360     4.76
 361     3.97
 362     3.18
 363     2.38
 364     1.59
 365     0.80
 366     0.00
