  01    -1.43
  02    -2.73
  03    -4.10
  04    -4.90
  05    -6.26
  06    -7.33
  07    -8.77
  08   -10.10
  09   -11.56
  10   -12.49
  11   -13.89
  12   -15.04
  13   -16.26
  14   -17.71
  15   -18.94
  16   -19.85
  17   -21.24
  18   -22.66
  19   -24.10
  20   -25.36
  21   -26.67
  22   -27.35
  23   -28.27
  24   -29.63
  25   -30.67
  26   -31.60
  27   -33.02
  28   -33.86
  29   -34.86
  30   -35.77
  31   -37.04
  32   -38.42
  33   -38.96
  34   -40.09
  35   -40.35
  36   -41.37
  37   -42.37
  38   -43.70
  39   -44.24
  40   -45.43
  41   -46.11
  42   -47.14
  43   -47.67
  44   -47.96
  45   -48.09
  46   -49.39
  47   -50.65
  48   -51.53
  49   -50.73
  50   -51.33
  51   -51.56
  52   -51.26
  53   -51.72
  54   -52.39
  55   -51.95
  56   -53.08
  57   -52.98
  58   -53.04
  59   -53.19
  60   -54.01
  61   -54.36
  62   -55.23
  63   -55.42
  64   -55.44
  65   -56.74
  66   -57.03
  67   -57.30
  68   -57.34
  69   -57.13
  70   -56.65
  71   -55.23
  72   -55.02
  73   -55.11
  74   -54.27
  75   -52.78
  76   -52.29
  77   -53.12
  78   -53.25
  79   -52.63
  80   -52.19
  81   -53.13
  82   -53.20
  83   -52.52
  84   -52.21
  85   -52.03
  86   -51.43
  87   -50.74
  88   -50.13
  89   -50.32
  90   -50.95
  91   -51.81
  92   -52.01
  93   -51.91
  94   -52.40
  95   -52.03
  96   -50.47
  97   -50.07
  98   -50.21
  99   -50.63
 100   -49.65
 101   -49.92
 102   -50.04
 103   -50.45
 104   -50.60
 105   -49.87
 106   -49.14
 107   -47.24
 108   -47.47
 109   -46.96
 110   -45.46
 111   -45.13
 112   -43.92
 113   -43.45
 114   -43.20
 115   -43.08
 116   -42.49
 117   -42.56
 118   -42.87
 119   -43.41
 120   -43.20
 121   -42.54
 122   -42.04
 123   -41.70
 124   -39.18
 125   -39.08
 126   -38.83
 127   -37.81
 128   -36.06
 129   -36.76
 130   -36.75
 131   -37.05
 132   -36.91
 133   -37.26
 134   -36.99
 135   -35.45
 136   -34.17
 137   -32.52
 138   -31.44
 139   -30.26
 140   -30.21
 141   -28.16
 142   -27.91
 143   -27.25
 144   -27.84
 145   -27.63
 146   -26.95
 147   -24.74
 148   -24.70
 149   -20.73
 150   -19.04
 151   -18.56
 152   -18.02
 153   -16.24
 154   -16.04
 155   -15.84
 156   -14.27
 157   -12.76
 158   -12.46
 159   -10.61
 160    -6.47
 161    -6.03
 162    -4.80
 163    -3.54
 164    -3.65
 165    -2.32
 166    -0.63
 167     0.28
 168     1.87
 169     2.23
 170     3.99
 171     4.73
 172     7.18
 173     8.24
 174    10.91
 175    11.42
 176    12.39
 177    15.68
 178    15.91
 179    15.92
 180    15.94
 181    17.11
 182    18.84
 183    20.66
 184    21.11
 185    20.80
 186    20.80
 187    20.60
 188    21.78
 189    23.43
 190    23.69
 191    24.17
 192    26.29
 193    25.96
 194    26.81
 195    26.60
 196    26.92
 197    27.95
 198    27.38
 199    27.20
 200    26.25
 201    25.40
 202    25.68
 203    25.00
 204    24.34
 205    25.37
 206    24.35
 207    24.65
 208    24.66
 209    24.94
 210    25.91
 211    26.59
 212    27.15
 213    27.19
 214    27.50
 215    27.38
 216    27.86
 217    26.81
 218    26.83
 219    26.27
 220    26.57
 221    26.12
 222    25.43
 223    24.62
 224    23.45
 225    23.08
 226    23.00
 227    21.98
 228    22.69
 229    22.73
 230    22.22
 231    21.34
 232    20.21
 233    19.79
 234    18.92
 235    19.54
 236    19.87
 237    20.71
 238    20.58
 239    19.93
 240    19.88
 241    19.24
 242    18.15
 243    18.63
 244    18.79
 245    18.35
 246    19.38
 247    19.78
 248    21.43
 249    20.71
 250    22.01
 251    22.41
 252    22.56
 253    22.35
 254    23.57
 255    23.81
 256    24.55
 257    24.56
 258    24.85
 259    25.62
 260    26.97
 261    27.84
 262    27.95
 263    27.93
 264    28.24
 265    28.30
 266    29.18
 267    28.82
 268    29.43
 269    30.95
 270    31.77
 271    32.11
 272    33.18
 273    33.30
 274    34.50
 275    36.11
 276    37.64
 277    37.09
 278    37.80
 279    39.53
 280    39.08
 281    40.90
 282    41.46
 283    42.63
 284    44.09
 285    45.24
 286    44.79
 287    46.55
 288    47.23
 289    48.05
 290    48.27
 291    49.42
 292    50.35
 293    51.83
 294    53.04
 295    53.87
 296    53.55
 297    53.94
 298    54.03
 299    53.29
 300    55.81
 301    55.54
 302    55.31
 303    54.92
 304    54.66
 305    54.15
 306    54.15
 307    53.68
 308    53.17
 309    51.91
 310    51.82
 311    51.26
 312    50.02
 313    49.12
 314    48.77
 315    48.17
 316    46.73
 317    46.15
 318    45.24
 319    44.20
 320    43.71
 321    42.63
 322    41.62
 323    41.19
 324    40.95
 325    40.00
 326    39.33
 327    39.05
 328    37.64
 329    36.63
 330    35.30
 331    34.23
 332    32.99
 333    32.62
 334    31.63
 335    30.41
 336    30.01
 337    29.32
 338    28.20
 339    26.94
 340    26.14
 341    25.69
 342    24.47
 343    24.23
 344    22.78
 345    22.66
 346    21.58
 347    20.55
 348    19.54
 349    18.30
 350    17.49
 351    16.24
 352    14.79
 353    13.34
 354    12.83
 355    11.74
 356    10.37
 357     9.71
 358     8.43
 359     7.87
 360     6.71
 361     5.33
 362     4.25
 363     2.94
 364     1.49
 365     0.22
 366     0.01
