  01    -1.00
  02    -1.99
  03    -2.99
  04    -3.99
  05    -4.98
  06    -5.98
  07    -6.98
  08    -7.97
  09    -8.97
  10    -9.95
  11   -10.94
  12   -11.94
  13   -12.93
  14   -13.93
  15   -14.92
  16   -15.92
  17   -16.92
  18   -17.91
  19   -18.91
  20   -19.91
  21   -20.90
  22   -21.90
  23   -22.89
  24   -23.89
  25   -24.89
  26   -25.88
  27   -26.87
  28   -27.87
  29   -28.86
  30   -29.86
  31   -30.85
  32   -31.85
  33   -32.84
  34   -33.83
  35   -34.82
  36   -35.82
  37   -36.81
  38   -37.80
  39   -38.79
  40   -39.77
  41   -40.72
  42   -41.71
  43   -42.71
  44   -43.70
  45   -44.68
  46   -45.62
  47   -46.46
  48   -47.44
  49   -48.40
  50   -49.31
  51   -50.21
  52   -51.07
  53   -52.02
  54   -52.90
  55   -53.82
  56   -54.64
  57   -55.58
  58   -56.50
  59   -57.32
  60   -58.14
  61   -58.75
  62   -59.60
  63   -60.43
  64   -61.11
  65   -61.91
  66   -62.63
  67   -63.40
  68   -64.19
  69   -64.94
  70   -65.61
  71   -66.20
  72   -66.51
  73   -67.32
  74   -68.04
  75   -68.87
  76   -69.34
  77   -69.94
  78   -70.67
  79   -71.39
  80   -71.92
  81   -72.49
  82   -73.08
  83   -73.47
  84   -73.87
  85   -74.45
  86   -75.03
  87   -75.59
  88   -76.01
  89   -76.41
  90   -76.96
  91   -77.76
  92   -78.42
  93   -78.91
  94   -79.64
  95   -80.29
  96   -80.86
  97   -81.26
  98   -81.74
  99   -81.88
 100   -82.34
 101   -82.71
 102   -83.28
 103   -83.62
 104   -83.99
 105   -83.92
 106   -84.03
 107   -84.07
 108   -84.47
 109   -84.91
 110   -85.11
 111   -85.42
 112   -85.31
 113   -85.70
 114   -85.81
 115   -86.08
 116   -86.14
 117   -86.64
 118   -87.29
 119   -87.28
 120   -87.65
 121   -87.84
 122   -87.74
 123   -87.96
 124   -87.64
 125   -87.51
 126   -88.04
 127   -85.92
 128   -86.06
 129   -86.73
 130   -86.47
 131   -86.60
 132   -86.70
 133   -86.51
 134   -86.43
 135   -86.41
 136   -86.11
 137   -86.07
 138   -85.75
 139   -85.05
 140   -83.32
 141   -82.13
 142   -82.11
 143   -82.30
 144   -82.13
 145   -81.50
 146   -81.47
 147   -80.98
 148   -80.06
 149   -80.20
 150   -79.49
 151   -78.77
 152   -77.91
 153   -77.17
 154   -77.35
 155   -76.35
 156   -74.63
 157   -74.06
 158   -73.61
 159   -73.33
 160   -72.92
 161   -72.41
 162   -72.27
 163   -71.77
 164   -71.07
 165   -71.20
 166   -71.52
 167   -71.13
 168   -69.68
 169   -68.93
 170   -68.14
 171   -67.95
 172   -67.63
 173   -65.32
 174   -65.22
 175   -63.43
 176   -63.25
 177   -62.67
 178   -62.56
 179   -62.27
 180   -61.45
 181   -60.55
 182   -59.78
 183   -59.49
 184   -59.56
 185   -58.18
 186   -57.11
 187   -57.20
 188   -56.45
 189   -56.18
 190   -55.80
 191   -55.76
 192   -54.58
 193   -54.37
 194   -53.94
 195   -53.20
 196   -51.66
 197   -51.06
 198   -50.93
 199   -50.45
 200   -50.68
 201   -49.52
 202   -48.30
 203   -47.70
 204   -46.71
 205   -46.05
 206   -45.71
 207   -45.59
 208   -45.27
 209   -42.13
 210   -41.29
 211   -41.00
 212   -39.86
 213   -39.59
 214   -39.44
 215   -37.83
 216   -35.52
 217   -34.22
 218   -33.79
 219   -32.70
 220   -32.34
 221   -32.39
 222   -32.18
 223   -31.43
 224   -28.54
 225   -27.42
 226   -26.25
 227   -26.18
 228   -25.31
 229   -24.71
 230   -23.60
 231   -22.91
 232   -20.61
 233   -18.70
 234   -18.72
 235   -18.64
 236   -18.29
 237   -17.92
 238   -17.22
 239   -16.96
 240   -17.13
 241   -17.02
 242   -15.93
 243   -15.38
 244   -13.72
 245   -12.76
 246   -10.85
 247   -10.25
 248    -9.61
 249    -8.77
 250    -6.46
 251    -5.70
 252    -5.27
 253    -4.00
 254    -2.36
 255     0.53
 256     2.83
 257     3.44
 258     3.61
 259     4.20
 260     5.38
 261     5.58
 262     6.57
 263     7.36
 264     8.02
 265    10.66
 266    11.85
 267    15.93
 268    17.72
 269    18.84
 270    21.50
 271    22.76
 272    24.40
 273    25.68
 274    27.87
 275    28.82
 276    32.83
 277    34.17
 278    34.55
 279    35.15
 280    36.90
 281    39.49
 282    42.61
 283    45.69
 284    46.47
 285    46.86
 286    47.66
 287    48.28
 288    49.42
 289    50.63
 290    51.09
 291    51.81
 292    52.44
 293    52.69
 294    53.06
 295    53.36
 296    54.14
 297    54.41
 298    55.21
 299    55.41
 300    56.13
 301    55.95
 302    55.67
 303    56.23
 304    55.74
 305    55.19
 306    54.79
 307    54.30
 308    53.92
 309    53.65
 310    53.19
 311    52.71
 312    52.09
 313    51.49
 314    50.60
 315    49.89
 316    49.13
 317    48.40
 318    47.56
 319    46.59
 320    45.71
 321    44.73
 322    43.75
 323    42.76
 324    41.77
 325    40.77
 326    39.80
 327    38.83
 328    37.84
 329    36.84
 330    35.84
 331    34.85
 332    33.85
 333    32.86
 334    31.86
 335    30.86
 336    29.91
 337    28.91
 338    27.92
 339    26.92
 340    25.92
 341    24.93
 342    23.93
 343    22.93
 344    21.94
 345    20.94
 346    19.94
 347    18.95
 348    17.95
 349    16.95
 350    15.95
 351    14.96
 352    13.96
 353    12.96
 354    11.97
 355    10.97
 356     9.97
 357     8.98
 358     7.98
 359     6.98
 360     5.98
 361     4.99
 362     3.99
 363     3.00
 364     2.00
 365     1.00
 366     0.00
