  01    -0.93
  02    -2.32
  03    -3.70
  04    -5.09
  05    -5.76
  06    -6.62
  07    -7.83
  08    -8.99
  09   -10.37
  10   -11.46
  11   -12.65
  12   -13.97
  13   -15.18
  14   -16.22
  15   -17.18
  16   -18.56
  17   -19.94
  18   -20.59
  19   -21.21
  20   -22.28
  21   -23.67
  22   -24.70
  23   -26.03
  24   -27.11
  25   -28.16
  26   -29.51
  27   -30.90
  28   -31.37
  29   -32.66
  30   -33.50
  31   -34.76
  32   -35.80
  33   -37.02
  34   -38.34
  35   -39.47
  36   -40.42
  37   -41.58
  38   -42.89
  39   -43.65
  40   -44.17
  41   -44.78
  42   -44.82
  43   -46.03
  44   -46.82
  45   -48.08
  46   -48.73
  47   -49.58
  48   -50.59
  49   -50.22
  50   -51.33
  51   -52.07
  52   -52.82
  53   -53.12
  54   -53.65
  55   -53.75
  56   -53.74
  57   -54.04
  58   -54.68
  59   -54.90
  60   -54.75
  61   -56.09
  62   -56.69
  63   -56.23
  64   -56.86
  65   -57.72
  66   -58.38
  67   -58.25
  68   -57.33
  69   -57.07
  70   -56.08
  71   -56.26
  72   -57.29
  73   -57.29
  74   -57.48
  75   -57.90
  76   -58.36
  77   -57.23
  78   -57.62
  79   -57.39
  80   -57.48
  81   -58.29
  82   -58.40
  83   -59.03
  84   -58.68
  85   -58.41
  86   -58.28
  87   -58.11
  88   -57.99
  89   -57.35
  90   -57.80
  91   -56.18
  92   -54.83
  93   -54.26
  94   -54.33
  95   -54.54
  96   -54.06
  97   -53.01
  98   -52.89
  99   -52.61
 100   -53.47
 101   -52.63
 102   -51.99
 103   -51.95
 104   -51.94
 105   -51.78
 106   -52.19
 107   -50.57
 108   -49.96
 109   -50.16
 110   -49.13
 111   -49.42
 112   -49.01
 113   -46.78
 114   -46.65
 115   -46.23
 116   -45.92
 117   -46.18
 118   -45.58
 119   -44.22
 120   -43.26
 121   -43.55
 122   -44.33
 123   -43.67
 124   -43.79
 125   -44.16
 126   -42.42
 127   -42.35
 128   -41.62
 129   -41.84
 130   -40.61
 131   -40.15
 132   -40.43
 133   -39.28
 134   -39.12
 135   -37.87
 136   -35.74
 137   -34.85
 138   -33.77
 139   -33.44
 140   -32.38
 141   -32.62
 142   -31.24
 143   -31.38
 144   -29.20
 145   -28.93
 146   -28.15
 147   -28.19
 148   -26.08
 149   -24.68
 150   -24.04
 151   -23.15
 152   -21.09
 153   -19.73
 154   -18.88
 155   -17.45
 156   -15.85
 157   -14.40
 158   -13.94
 159   -13.62
 160    -9.75
 161    -9.38
 162    -9.11
 163    -9.12
 164    -6.32
 165    -5.23
 166    -4.76
 167    -4.37
 168    -2.85
 169    -0.81
 170    -0.43
 171     2.72
 172     2.28
 173     2.83
 174     3.52
 175     6.46
 176     6.71
 177     8.18
 178     7.97
 179    10.09
 180     9.88
 181    10.67
 182    11.49
 183    13.00
 184    14.09
 185    14.43
 186    15.34
 187    15.39
 188    15.76
 189    15.59
 190    15.40
 191    15.50
 192    16.67
 193    16.65
 194    16.32
 195    15.71
 196    16.35
 197    17.29
 198    18.03
 199    18.09
 200    18.02
 201    19.25
 202    18.73
 203    18.83
 204    18.11
 205    17.61
 206    16.91
 207    16.15
 208    17.04
 209    15.90
 210    15.95
 211    15.41
 212    15.31
 213    14.99
 214    14.10
 215    12.90
 216    11.95
 217    11.36
 218    10.42
 219     9.96
 220     9.96
 221     9.17
 222     8.72
 223     7.57
 224     6.89
 225     6.57
 226     6.26
 227     5.37
 228     4.89
 229     4.71
 230     4.90
 231     4.71
 232     4.53
 233     4.87
 234     4.76
 235     3.73
 236     4.24
 237     3.98
 238     3.46
 239     3.52
 240     3.47
 241     3.49
 242     3.02
 243     2.10
 244     1.49
 245     1.71
 246     1.65
 247     4.02
 248     4.31
 249     4.60
 250     5.65
 251     7.33
 252     8.54
 253     8.93
 254     9.91
 255    10.38
 256    11.16
 257    11.31
 258    12.64
 259    13.12
 260    14.60
 261    15.11
 262    16.17
 263    19.30
 264    21.53
 265    22.44
 266    24.01
 267    25.70
 268    25.92
 269    27.05
 270    27.94
 271    30.48
 272    31.40
 273    33.09
 274    33.04
 275    33.96
 276    33.99
 277    34.33
 278    35.36
 279    35.70
 280    39.29
 281    39.59
 282    40.20
 283    41.72
 284    43.37
 285    44.01
 286    44.54
 287    45.65
 288    46.52
 289    46.49
 290    47.12
 291    48.99
 292    50.31
 293    50.53
 294    50.72
 295    51.16
 296    51.96
 297    52.83
 298    52.78
 299    52.90
 300    52.67
 301    53.00
 302    53.56
 303    53.64
 304    54.09
 305    53.75
 306    53.00
 307    52.49
 308    52.83
 309    52.48
 310    51.28
 311    50.32
 312    49.25
 313    49.22
 314    48.32
 315    47.01
 316    45.81
 317    45.80
 318    45.04
 319    44.14
 320    43.26
 321    42.97
 322    42.67
 323    42.08
 324    41.59
 325    40.54
 326    40.04
 327    38.83
 328    37.54
 329    37.30
 330    36.51
 331    35.72
 332    34.61
 333    33.73
 334    32.54
 335    31.92
 336    30.97
 337    29.78
 338    29.18
 339    28.00
 340    26.94
 341    26.36
 342    25.15
 343    24.04
 344    23.46
 345    22.47
 346    22.71
 347    22.58
 348    21.39
 349    20.04
 350    18.72
 351    17.96
 352    17.08
 353    15.73
 354    14.39
 355    13.07
 356    11.99
 357    10.62
 358     9.75
 359     8.42
 360     7.03
 361     5.64
 362     4.44
 363     3.12
 364     2.46
 365     1.38
 366    -0.00
