  01    -0.79
  02    -1.57
  03    -2.36
  04    -3.15
  05    -3.94
  06    -4.72
  07    -5.51
  08    -6.30
  09    -7.09
  10    -7.87
  11    -8.66
  12    -9.45
  13   -10.23
  14   -11.02
  15   -11.81
  16   -12.59
  17   -13.38
  18   -14.17
  19   -14.96
  20   -15.74
  21   -16.53
  22   -17.32
  23   -18.11
  24   -18.89
  25   -19.68
  26   -20.47
  27   -21.25
  28   -22.04
  29   -22.83
  30   -23.62
  31   -24.40
  32   -25.19
  33   -25.98
  34   -26.77
  35   -27.55
  36   -28.34
  37   -29.13
  38   -29.91
  39   -30.70
  40   -31.49
  41   -32.27
  42   -33.05
  43   -33.83
  44   -34.60
  45   -35.39
  46   -36.17
  47   -36.96
  48   -37.74
  49   -38.53
  50   -39.31
  51   -40.08
  52   -40.86
  53   -41.64
  54   -42.43
  55   -43.22
  56   -43.99
  57   -44.76
  58   -45.55
  59   -46.32
  60   -47.11
  61   -47.81
  62   -48.58
  63   -49.31
  64   -50.09
  65   -50.88
  66   -51.64
  67   -52.41
  68   -53.18
  69   -53.90
  70   -54.66
  71   -55.40
  72   -56.16
  73   -56.93
  74   -57.69
  75   -58.47
  76   -59.20
  77   -59.94
  78   -60.68
  79   -61.43
  80   -62.13
  81   -62.89
  82   -63.64
  83   -64.39
  84   -65.09
  85   -65.83
  86   -66.57
  87   -67.31
  88   -68.05
  89   -68.80
  90   -69.52
  91   -70.29
  92   -71.05
  93   -71.73
  94   -72.52
  95   -72.97
  96   -73.73
  97   -74.44
  98   -75.09
  99   -75.79
 100   -76.52
 101   -76.99
 102   -76.99
 103   -77.25
 104   -77.82
 105   -78.48
 106   -79.01
 107   -79.67
 108   -80.37
 109   -81.02
 110   -81.30
 111   -81.84
 112   -82.50
 113   -82.60
 114   -83.02
 115   -83.56
 116   -83.98
 117   -84.40
 118   -84.98
 119   -85.34
 120   -85.51
 121   -86.02
 122   -86.50
 123   -87.02
 124   -87.02
 125   -87.45
 126   -87.89
 127   -87.73
 128   -88.17
 129   -88.74
 130   -88.75
 131   -88.82
 132   -89.10
 133   -88.75
 134   -88.86
 135   -89.29
 136   -89.37
 137   -89.56
 138   -89.78
 139   -89.54
 140   -88.58
 141   -87.94
 142   -88.03
 143   -88.32
 144   -88.44
 145   -88.27
 146   -88.61
 147   -88.28
 148   -87.25
 149   -87.58
 150   -87.39
 151   -86.41
 152   -86.12
 153   -85.52
 154   -85.13
 155   -85.18
 156   -84.86
 157   -85.05
 158   -84.75
 159   -84.65
 160   -84.30
 161   -83.96
 162   -83.63
 163   -83.93
 164   -83.78
 165   -83.37
 166   -83.84
 167   -83.70
 168   -81.07
 169   -80.71
 170   -79.48
 171   -79.74
 172   -79.90
 173   -79.62
 174   -79.01
 175   -78.17
 176   -77.94
 177   -77.33
 178   -77.35
 179   -77.66
 180   -77.82
 181   -76.97
 182   -76.33
 183   -76.12
 184   -76.29
 185   -75.58
 186   -72.83
 187   -72.88
 188   -71.37
 189   -70.96
 190   -69.42
 191   -69.01
 192   -68.90
 193   -68.78
 194   -69.04
 195   -68.98
 196   -68.49
 197   -67.81
 198   -67.67
 199   -67.07
 200   -66.45
 201   -65.68
 202   -64.05
 203   -62.86
 204   -62.60
 205   -62.77
 206   -62.84
 207   -62.53
 208   -62.44
 209   -61.92
 210   -60.13
 211   -59.23
 212   -58.35
 213   -56.83
 214   -55.53
 215   -54.26
 216   -52.82
 217   -52.38
 218   -51.80
 219   -50.35
 220   -48.45
 221   -48.30
 222   -47.60
 223   -47.12
 224   -45.59
 225   -44.83
 226   -43.38
 227   -43.17
 228   -42.80
 229   -42.18
 230   -41.29
 231   -40.40
 232   -39.60
 233   -37.04
 234   -36.54
 235   -35.83
 236   -34.26
 237   -32.96
 238   -30.83
 239   -28.49
 240   -28.55
 241   -28.11
 242   -28.27
 243   -28.04
 244   -27.29
 245   -26.82
 246   -23.54
 247   -22.15
 248   -20.91
 249   -18.51
 250   -15.83
 251   -12.07
 252   -10.96
 253    -9.65
 254    -6.56
 255    -4.12
 256    -1.44
 257     1.79
 258     2.50
 259     6.77
 260     9.44
 261    10.00
 262    11.40
 263    12.45
 264    14.38
 265    16.27
 266    17.78
 267    19.92
 268    20.76
 269    22.19
 270    23.03
 271    23.62
 272    25.04
 273    28.92
 274    29.73
 275    31.61
 276    32.52
 277    33.43
 278    33.65
 279    33.70
 280    34.49
 281    37.28
 282    38.47
 283    39.66
 284    41.53
 285    41.75
 286    41.85
 287    41.80
 288    43.62
 289    44.72
 290    44.75
 291    45.11
 292    45.82
 293    48.60
 294    48.96
 295    49.14
 296    49.18
 297    49.07
 298    48.92
 299    48.60
 300    48.31
 301    49.09
 302    48.59
 303    48.14
 304    47.38
 305    46.73
 306    46.04
 307    45.35
 308    44.74
 309    44.20
 310    43.63
 311    42.91
 312    42.20
 313    41.52
 314    40.76
 315    40.00
 316    39.27
 317    38.52
 318    37.78
 319    37.00
 320    36.21
 321    35.42
 322    34.64
 323    33.85
 324    33.07
 325    32.28
 326    31.49
 327    30.70
 328    29.92
 329    29.13
 330    28.34
 331    27.55
 332    26.77
 333    25.98
 334    25.19
 335    24.41
 336    23.62
 337    22.83
 338    22.04
 339    21.26
 340    20.47
 341    19.68
 342    18.89
 343    18.11
 344    17.32
 345    16.53
 346    15.74
 347    14.96
 348    14.17
 349    13.38
 350    12.60
 351    11.81
 352    11.02
 353    10.23
 354     9.45
 355     8.66
 356     7.87
 357     7.08
 358     6.30
 359     5.51
 360     4.72
 361     3.94
 362     3.15
 363     2.36
 364     1.57
 365     0.79
 366    -0.00
