  01    -0.86
  02    -1.90
  03    -2.95
  04    -3.97
  05    -5.02
  06    -6.07
  07    -7.10
  08    -8.15
  09    -9.20
  10   -10.24
  11   -11.29
  12   -12.34
  13   -13.38
  14   -14.40
  15   -15.38
  16   -16.41
  17   -17.46
  18   -18.45
  19   -19.49
  20   -19.82
  21   -20.76
  22   -21.61
  23   -22.65
  24   -23.59
  25   -24.63
  26   -25.67
  27   -26.72
  28   -27.35
  29   -28.27
  30   -29.21
  31   -30.26
  32   -31.30
  33   -32.33
  34   -33.28
  35   -34.33
  36   -35.36
  37   -36.39
  38   -37.44
  39   -38.49
  40   -39.53
  41   -40.58
  42   -41.51
  43   -42.49
  44   -43.36
  45   -44.07
  46   -44.83
  47   -45.86
  48   -46.32
  49   -47.34
  50   -48.39
  51   -49.27
  52   -50.11
  53   -51.16
  54   -52.18
  55   -52.87
  56   -53.49
  57   -54.43
  58   -55.09
  59   -56.09
  60   -56.92
  61   -57.90
  62   -58.29
  63   -59.24
  64   -60.26
  65   -61.25
  66   -62.19
  67   -62.81
  68   -63.36
  69   -63.79
  70   -64.67
  71   -65.44
  72   -65.89
  73   -66.83
  74   -67.46
  75   -68.21
  76   -69.05
  77   -69.98
  78   -70.99
  79   -71.42
  80   -71.69
  81   -72.23
  82   -73.06
  83   -73.84
  84   -74.21
  85   -75.17
  86   -75.54
  87   -75.90
  88   -76.41
  89   -77.40
  90   -77.79
  91   -77.27
  92   -75.51
  93   -75.96
  94   -76.16
  95   -76.92
  96   -77.48
  97   -77.38
  98   -77.99
  99   -77.85
 100   -78.53
 101   -79.29
 102   -79.26
 103   -78.39
 104   -78.87
 105   -79.29
 106   -79.53
 107   -79.61
 108   -80.24
 109   -80.03
 110   -79.55
 111   -79.45
 112   -79.83
 113   -79.61
 114   -79.84
 115   -79.62
 116   -79.70
 117   -79.50
 118   -78.34
 119   -78.18
 120   -78.72
 121   -79.15
 122   -80.03
 123   -79.63
 124   -79.19
 125   -78.60
 126   -77.02
 127   -77.46
 128   -77.44
 129   -78.09
 130   -78.61
 131   -78.73
 132   -79.51
 133   -78.75
 134   -78.97
 135   -79.78
 136   -80.03
 137   -79.60
 138   -79.83
 139   -79.66
 140   -79.47
 141   -79.73
 142   -80.06
 143   -79.61
 144   -79.89
 145   -79.80
 146   -77.72
 147   -76.08
 148   -75.52
 149   -75.48
 150   -75.81
 151   -75.72
 152   -75.96
 153   -75.13
 154   -74.86
 155   -73.45
 156   -73.14
 157   -71.86
 158   -72.06
 159   -71.53
 160   -70.36
 161   -69.11
 162   -68.69
 163   -66.80
 164   -65.54
 165   -65.28
 166   -64.65
 167   -64.60
 168   -63.53
 169   -61.67
 170   -61.43
 171   -60.49
 172   -60.40
 173   -59.88
 174   -58.54
 175   -57.14
 176   -56.58
 177   -56.36
 178   -56.47
 179   -53.92
 180   -52.77
 181   -51.62
 182   -49.53
 183   -48.92
 184   -46.29
 185   -46.20
 186   -45.16
 187   -45.38
 188   -45.07
 189   -44.23
 190   -44.56
 191   -41.68
 192   -41.47
 193   -41.64
 194   -41.92
 195   -40.53
 196   -38.49
 197   -37.48
 198   -36.25
 199   -36.12
 200   -34.14
 201   -32.20
 202   -31.51
 203   -31.37
 204   -30.41
 205   -29.06
 206   -26.52
 207   -26.56
 208   -25.81
 209   -24.32
 210   -22.24
 211   -21.87
 212   -21.86
 213   -21.01
 214   -20.24
 215   -19.02
 216   -17.48
 217   -16.79
 218   -17.10
 219   -17.55
 220   -17.14
 221   -16.99
 222   -16.92
 223   -16.24
 224   -15.31
 225   -13.83
 226   -12.42
 227   -12.62
 228   -11.84
 229   -10.53
 230    -9.34
 231    -9.18
 232    -8.07
 233    -7.69
 234    -7.84
 235    -6.44
 236    -5.10
 237    -4.55
 238    -2.81
 239    -1.40
 240    -0.85
 241     0.24
 242     0.89
 243     2.57
 244     4.41
 245     4.88
 246     6.11
 247     7.58
 248     8.58
 249    10.03
 250    10.08
 251    11.28
 252    14.55
 253    16.11
 254    18.00
 255    18.86
 256    19.63
 257    20.81
 258    23.52
 259    25.64
 260    26.85
 261    27.83
 262    28.68
 263    29.37
 264    31.08
 265    33.09
 266    34.70
 267    36.30
 268    36.59
 269    38.36
 270    39.45
 271    40.27
 272    41.51
 273    41.67
 274    43.27
 275    43.29
 276    46.01
 277    48.40
 278    48.43
 279    49.45
 280    51.20
 281    52.39
 282    53.54
 283    55.12
 284    56.17
 285    56.81
 286    57.67
 287    57.67
 288    58.69
 289    58.57
 290    58.90
 291    59.02
 292    59.38
 293    59.30
 294    58.87
 295    58.47
 296    58.31
 297    58.03
 298    58.29
 299    57.67
 300    57.40
 301    58.10
 302    57.60
 303    57.26
 304    56.66
 305    55.87
 306    55.36
 307    54.54
 308    53.81
 309    53.68
 310    52.96
 311    52.41
 312    51.46
 313    50.71
 314    49.82
 315    49.18
 316    48.72
 317    47.74
 318    46.86
 319    45.83
 320    44.81
 321    43.77
 322    42.74
 323    41.84
 324    41.14
 325    40.23
 326    39.19
 327    38.33
 328    37.29
 329    36.26
 330    35.58
 331    34.68
 332    33.63
 333    32.58
 334    31.54
 335    30.54
 336    29.60
 337    29.17
 338    28.18
 339    27.45
 340    26.41
 341    25.36
 342    24.49
 343    23.51
 344    22.47
 345    21.42
 346    20.38
 347    19.34
 348    18.32
 349    17.27
 350    16.56
 351    15.52
 352    14.47
 353    13.42
 354    12.37
 355    11.34
 356    10.34
 357     9.31
 358     8.26
 359     7.22
 360     6.18
 361     5.13
 362     4.08
 363     3.07
 364     2.03
 365     0.99
 366     0.00
