  01    -1.06
  02    -1.86
  03    -2.87
  04    -3.94
  05    -5.00
  06    -5.84
  07    -6.91
  08    -7.94
  09    -9.01
  10   -10.08
  11   -11.05
  12   -12.12
  13   -13.19
  14   -14.26
  15   -15.31
  16   -16.38
  17   -17.41
  18   -18.48
  19   -19.54
  20   -20.58
  21   -21.39
  22   -22.32
  23   -23.35
  24   -24.41
  25   -25.30
  26   -26.05
  27   -27.12
  28   -28.15
  29   -29.22
  30   -30.11
  31   -31.18
  32   -32.19
  33   -33.26
  34   -34.33
  35   -35.36
  36   -36.43
  37   -37.49
  38   -38.51
  39   -39.53
  40   -40.46
  41   -41.22
  42   -42.18
  43   -43.00
  44   -44.06
  45   -45.13
  46   -46.17
  47   -47.24
  48   -48.18
  49   -49.08
  50   -49.64
  51   -50.49
  52   -51.54
  53   -52.56
  54   -53.63
  55   -54.53
  56   -55.57
  57   -56.60
  58   -57.61
  59   -58.38
  60   -59.33
  61   -60.26
  62   -61.11
  63   -62.14
  64   -62.37
  65   -63.24
  66   -64.30
  67   -65.36
  68   -66.20
  69   -67.11
  70   -67.51
  71   -67.77
  72   -68.54
  73   -69.49
  74   -69.49
  75   -70.21
  76   -70.73
  77   -71.38
  78   -72.03
  79   -72.40
  80   -72.49
  81   -73.38
  82   -73.59
  83   -73.87
  84   -74.79
  85   -75.61
  86   -76.13
  87   -76.49
  88   -76.09
  89   -76.53
  90   -77.21
  91   -77.54
  92   -77.67
  93   -78.43
  94   -78.83
  95   -79.33
  96   -79.88
  97   -80.00
  98   -79.46
  99   -79.76
 100   -80.28
 101   -80.83
 102   -81.51
 103   -82.06
 104   -82.55
 105   -82.69
 106   -82.28
 107   -82.85
 108   -83.58
 109   -83.03
 110   -83.43
 111   -83.44
 112   -83.06
 113   -83.14
 114   -83.12
 115   -84.02
 116   -83.99
 117   -82.92
 118   -82.50
 119   -81.48
 120   -81.66
 121   -81.80
 122   -82.29
 123   -82.48
 124   -82.82
 125   -83.11
 126   -82.92
 127   -81.73
 128   -81.37
 129   -82.28
 130   -82.00
 131   -82.42
 132   -81.80
 133   -82.15
 134   -82.11
 135   -81.61
 136   -81.70
 137   -80.00
 138   -79.28
 139   -79.57
 140   -79.54
 141   -79.30
 142   -78.66
 143   -77.30
 144   -76.93
 145   -77.14
 146   -76.40
 147   -76.10
 148   -74.45
 149   -73.70
 150   -73.39
 151   -71.71
 152   -70.51
 153   -69.67
 154   -69.73
 155   -69.08
 156   -67.74
 157   -67.44
 158   -67.98
 159   -67.36
 160   -65.79
 161   -65.76
 162   -65.28
 163   -63.68
 164   -63.59
 165   -63.31
 166   -62.75
 167   -61.81
 168   -60.45
 169   -59.16
 170   -56.13
 171   -55.38
 172   -54.02
 173   -52.51
 174   -50.64
 175   -49.74
 176   -49.11
 177   -47.61
 178   -47.48
 179   -46.44
 180   -45.89
 181   -42.72
 182   -42.29
 183   -42.65
 184   -42.49
 185   -39.79
 186   -38.70
 187   -37.46
 188   -37.01
 189   -36.48
 190   -36.14
 191   -33.37
 192   -31.63
 193   -31.82
 194   -31.24
 195   -30.73
 196   -29.37
 197   -27.49
 198   -26.23
 199   -24.33
 200   -23.69
 201   -22.84
 202   -21.62
 203   -21.35
 204   -20.65
 205   -19.43
 206   -19.13
 207   -18.42
 208   -17.61
 209   -17.56
 210   -16.75
 211   -16.08
 212   -14.65
 213   -14.48
 214   -13.77
 215   -13.98
 216   -12.48
 217   -11.74
 218    -9.24
 219    -8.89
 220    -8.74
 221    -8.53
 222    -7.82
 223    -7.97
 224    -8.12
 225    -6.65
 226    -4.61
 227    -4.64
 228    -3.29
 229    -2.21
 230    -1.63
 231    -0.64
 232     0.65
 233     0.95
 234     3.05
 235     3.22
 236     3.71
 237     4.94
 238     5.61
 239     7.69
 240     7.45
 241    10.32
 242    10.44
 243    11.59
 244    12.77
 245    13.78
 246    15.60
 247    16.42
 248    19.51
 249    21.35
 250    23.31
 251    24.60
 252    25.21
 253    26.29
 254    27.11
 255    29.11
 256    29.72
 257    31.94
 258    32.90
 259    33.97
 260    35.26
 261    35.40
 262    36.15
 263    36.74
 264    37.40
 265    39.64
 266    39.79
 267    40.81
 268    42.69
 269    44.25
 270    46.53
 271    48.31
 272    49.03
 273    49.08
 274    50.48
 275    50.63
 276    50.93
 277    51.98
 278    54.78
 279    54.85
 280    54.78
 281    56.63
 282    56.85
 283    57.67
 284    58.29
 285    58.63
 286    58.98
 287    59.60
 288    59.40
 289    59.71
 290    59.35
 291    59.41
 292    59.19
 293    58.86
 294    58.24
 295    57.56
 296    58.20
 297    57.35
 298    56.98
 299    56.92
 300    57.19
 301    56.72
 302    56.27
 303    56.32
 304    55.41
 305    54.77
 306    54.63
 307    54.21
 308    53.45
 309    52.82
 310    52.18
 311    51.50
 312    50.83
 313    50.07
 314    49.19
 315    48.38
 316    47.49
 317    46.68
 318    45.67
 319    44.83
 320    43.90
 321    42.85
 322    41.79
 323    41.13
 324    40.26
 325    39.86
 326    38.84
 327    37.78
 328    36.72
 329    35.68
 330    34.64
 331    33.61
 332    32.63
 333    31.57
 334    31.02
 335    29.98
 336    28.95
 337    28.12
 338    27.09
 339    26.05
 340    25.00
 341    24.14
 342    23.07
 343    22.03
 344    20.98
 345    19.95
 346    19.25
 347    18.25
 348    17.18
 349    16.11
 350    15.16
 351    14.10
 352    13.12
 353    12.24
 354    11.26
 355    10.53
 356     9.51
 357     8.66
 358     7.59
 359     6.57
 360     5.51
 361     4.69
 362     3.62
 363     2.59
 364     2.14
 365     1.07
 366     0.00
