  01    -1.07
  02    -2.28
  03    -3.49
  04    -4.56
  05    -5.73
  06    -6.58
  07    -7.79
  08    -8.99
  09   -10.20
  10   -11.41
  11   -12.46
  12   -13.67
  13   -14.40
  14   -15.61
  15   -16.82
  16   -17.76
  17   -18.97
  18   -20.18
  19   -21.39
  20   -22.48
  21   -23.69
  22   -24.90
  23   -26.10
  24   -27.10
  25   -28.31
  26   -29.51
  27   -30.72
  28   -31.92
  29   -33.13
  30   -34.34
  31   -35.44
  32   -36.35
  33   -37.56
  34   -38.77
  35   -39.69
  36   -40.89
  37   -41.90
  38   -43.06
  39   -44.08
  40   -45.00
  41   -45.99
  42   -47.20
  43   -47.38
  44   -48.56
  45   -49.77
  46   -50.97
  47   -51.96
  48   -52.83
  49   -53.65
  50   -53.94
  51   -55.08
  52   -56.09
  53   -56.04
  54   -56.60
  55   -57.46
  56   -58.62
  57   -59.46
  58   -59.88
  59   -60.60
  60   -61.30
  61   -62.21
  62   -62.52
  63   -63.66
  64   -63.78
  65   -64.50
  66   -65.61
  67   -66.50
  68   -66.80
  69   -67.42
  70   -67.78
  71   -67.94
  72   -68.01
  73   -67.84
  74   -68.18
  75   -68.35
  76   -68.74
  77   -69.33
  78   -69.48
  79   -69.57
  80   -68.96
  81   -67.90
  82   -68.43
  83   -67.61
  84   -67.90
  85   -68.56
  86   -67.59
  87   -67.02
  88   -65.33
  89   -65.25
  90   -65.48
  91   -65.36
  92   -65.23
  93   -64.80
  94   -65.31
  95   -65.40
  96   -65.53
  97   -65.94
  98   -65.49
  99   -65.63
 100   -64.70
 101   -63.64
 102   -63.70
 103   -64.27
 104   -64.70
 105   -64.40
 106   -63.12
 107   -63.29
 108   -63.75
 109   -62.53
 110   -62.32
 111   -60.27
 112   -59.46
 113   -58.57
 114   -56.76
 115   -57.14
 116   -56.59
 117   -56.43
 118   -55.92
 119   -56.08
 120   -54.33
 121   -51.48
 122   -51.01
 123   -50.62
 124   -50.23
 125   -50.42
 126   -49.93
 127   -49.43
 128   -48.55
 129   -48.97
 130   -49.15
 131   -49.02
 132   -49.02
 133   -49.07
 134   -49.08
 135   -49.15
 136   -48.11
 137   -47.84
 138   -48.16
 139   -47.45
 140   -48.06
 141   -47.47
 142   -47.14
 143   -47.37
 144   -47.05
 145   -46.15
 146   -45.77
 147   -45.38
 148   -44.78
 149   -44.54
 150   -44.40
 151   -43.17
 152   -41.52
 153   -41.02
 154   -40.65
 155   -40.82
 156   -40.02
 157   -38.50
 158   -38.33
 159   -37.53
 160   -35.95
 161   -35.56
 162   -35.05
 163   -32.94
 164   -32.04
 165   -31.62
 166   -31.18
 167   -30.35
 168   -28.84
 169   -28.59
 170   -27.25
 171   -27.02
 172   -26.83
 173   -26.66
 174   -24.79
 175   -23.33
 176   -23.05
 177   -22.38
 178   -21.28
 179   -21.04
 180   -20.67
 181   -18.64
 182   -17.93
 183   -18.14
 184   -17.36
 185   -15.60
 186   -14.70
 187   -15.35
 188   -14.42
 189   -13.96
 190   -13.73
 191   -11.45
 192   -10.20
 193   -10.84
 194   -10.32
 195    -9.47
 196    -7.76
 197    -8.23
 198    -8.16
 199    -7.77
 200    -8.06
 201    -8.50
 202    -7.59
 203    -6.49
 204    -6.73
 205    -5.65
 206    -6.07
 207    -5.44
 208    -5.07
 209    -4.85
 210    -4.95
 211    -3.90
 212    -4.15
 213    -3.81
 214    -4.30
 215    -5.25
 216    -3.82
 217    -3.91
 218    -2.96
 219    -2.95
 220    -2.98
 221    -3.43
 222    -2.59
 223    -2.92
 224    -4.04
 225    -4.91
 226    -5.42
 227    -5.78
 228    -5.48
 229    -4.40
 230    -4.79
 231    -4.74
 232    -4.28
 233    -4.56
 234    -4.88
 235    -4.32
 236    -4.15
 237    -4.62
 238    -4.02
 239    -3.12
 240    -0.98
 241    -0.15
 242     0.82
 243     0.79
 244     1.18
 245     0.80
 246     1.19
 247     1.82
 248     4.11
 249     4.99
 250     6.79
 251     8.53
 252     9.20
 253    10.99
 254    13.52
 255    14.95
 256    15.55
 257    17.73
 258    18.81
 259    19.22
 260    20.50
 261    21.87
 262    24.36
 263    25.20
 264    27.04
 265    27.93
 266    28.50
 267    30.63
 268    33.26
 269    35.69
 270    36.52
 271    38.45
 272    39.49
 273    41.51
 274    43.52
 275    46.14
 276    48.52
 277    49.44
 278    50.50
 279    51.91
 280    53.47
 281    54.48
 282    56.04
 283    56.28
 284    57.75
 285    57.98
 286    57.60
 287    57.86
 288    57.82
 289    58.34
 290    57.51
 291    59.37
 292    61.36
 293    61.46
 294    62.38
 295    62.36
 296    62.71
 297    62.24
 298    62.58
 299    62.21
 300    62.42
 301    61.91
 302    61.81
 303    61.50
 304    61.41
 305    61.12
 306    60.50
 307    59.70
 308    58.99
 309    58.10
 310    57.61
 311    56.73
 312    56.03
 313    55.68
 314    54.62
 315    53.86
 316    52.68
 317    51.58
 318    50.47
 319    49.49
 320    48.61
 321    48.30
 322    47.17
 323    46.20
 324    45.08
 325    44.07
 326    42.98
 327    41.78
 328    40.64
 329    39.63
 330    38.42
 331    37.72
 332    37.13
 333    35.92
 334    34.91
 335    33.89
 336    32.81
 337    31.62
 338    30.43
 339    29.30
 340    28.59
 341    27.40
 342    26.31
 343    25.42
 344    24.22
 345    23.34
 346    22.48
 347    21.28
 348    20.15
 349    18.95
 350    18.22
 351    17.10
 352    15.89
 353    14.70
 354    13.49
 355    12.28
 356    11.07
 357    10.19
 358     9.41
 359     8.20
 360     6.99
 361     5.81
 362     4.60
 363     3.63
 364     2.42
 365     1.21
 366     0.00
