  01    -1.09
  02    -2.22
  03    -3.36
  04    -4.50
  05    -5.64
  06    -6.78
  07    -7.91
  08    -9.05
  09   -10.19
  10   -11.23
  11   -12.37
  12   -13.35
  13   -14.49
  14   -15.62
  15   -16.76
  16   -17.90
  17   -18.85
  18   -19.86
  19   -20.99
  20   -20.79
  21   -21.89
  22   -23.01
  23   -24.15
  24   -25.27
  25   -26.39
  26   -27.49
  27   -28.63
  28   -29.73
  29   -30.85
  30   -31.84
  31   -32.96
  32   -33.88
  33   -34.71
  34   -35.81
  35   -36.21
  36   -37.31
  37   -38.19
  38   -39.32
  39   -40.46
  40   -41.59
  41   -42.55
  42   -43.55
  43   -43.70
  44   -44.83
  45   -45.55
  46   -46.63
  47   -47.52
  48   -48.54
  49   -49.68
  50   -50.49
  51   -51.54
  52   -52.12
  53   -53.22
  54   -54.35
  55   -55.42
  56   -55.81
  57   -55.80
  58   -56.66
  59   -56.91
  60   -57.60
  61   -57.74
  62   -57.23
  63   -58.22
  64   -58.95
  65   -59.93
  66   -60.86
  67   -61.54
  68   -62.07
  69   -62.94
  70   -63.72
  71   -63.39
  72   -63.76
  73   -64.22
  74   -64.48
  75   -64.95
  76   -65.50
  77   -65.64
  78   -66.31
  79   -66.80
  80   -67.43
  81   -66.62
  82   -66.33
  83   -66.80
  84   -67.59
  85   -67.50
  86   -68.32
  87   -69.24
  88   -69.06
  89   -69.78
  90   -70.54
  91   -70.76
  92   -70.86
  93   -70.38
  94   -70.46
  95   -69.76
  96   -69.07
  97   -69.21
  98   -68.49
  99   -68.42
 100   -68.72
 101   -69.37
 102   -69.40
 103   -68.39
 104   -68.28
 105   -68.32
 106   -68.08
 107   -67.14
 108   -67.64
 109   -67.18
 110   -66.22
 111   -66.28
 112   -66.34
 113   -64.24
 114   -64.20
 115   -64.06
 116   -64.40
 117   -62.37
 118   -61.75
 119   -60.92
 120   -60.96
 121   -58.32
 122   -58.75
 123   -58.18
 124   -56.78
 125   -55.43
 126   -54.90
 127   -54.00
 128   -52.43
 129   -52.36
 130   -51.95
 131   -51.36
 132   -50.21
 133   -49.94
 134   -49.28
 135   -48.84
 136   -48.98
 137   -48.66
 138   -45.76
 139   -45.15
 140   -43.54
 141   -43.71
 142   -43.06
 143   -42.87
 144   -42.78
 145   -42.40
 146   -42.06
 147   -41.22
 148   -41.71
 149   -40.92
 150   -39.67
 151   -38.44
 152   -37.22
 153   -36.31
 154   -36.52
 155   -35.25
 156   -35.12
 157   -35.18
 158   -33.19
 159   -32.96
 160   -31.66
 161   -31.87
 162   -31.59
 163   -31.62
 164   -30.64
 165   -29.92
 166   -28.26
 167   -24.93
 168   -24.29
 169   -22.95
 170   -22.56
 171   -22.17
 172   -22.14
 173   -21.44
 174   -19.43
 175   -18.18
 176   -18.34
 177   -17.57
 178   -17.60
 179   -16.86
 180   -17.04
 181   -16.16
 182   -15.73
 183   -15.09
 184   -13.85
 185   -12.75
 186   -10.87
 187   -10.40
 188   -11.16
 189   -10.97
 190   -10.28
 191    -9.21
 192    -8.77
 193    -8.84
 194    -9.27
 195    -7.83
 196    -7.76
 197    -7.37
 198    -3.75
 199    -4.05
 200    -4.33
 201    -3.00
 202    -2.81
 203    -3.11
 204    -3.25
 205    -3.82
 206    -3.89
 207    -4.81
 208    -4.91
 209    -5.41
 210    -6.30
 211    -6.95
 212    -7.33
 213    -7.72
 214    -8.21
 215    -8.04
 216    -8.87
 217    -9.47
 218   -10.18
 219   -11.13
 220   -11.32
 221   -11.48
 222   -12.44
 223   -12.64
 224   -13.60
 225   -12.64
 226   -12.88
 227   -13.45
 228   -13.66
 229   -14.16
 230   -14.99
 231   -14.27
 232   -14.51
 233   -13.96
 234   -13.89
 235   -13.77
 236   -12.55
 237   -12.02
 238   -11.87
 239   -11.15
 240   -10.92
 241    -9.79
 242    -9.52
 243    -8.91
 244    -8.31
 245    -8.77
 246    -8.42
 247    -7.17
 248    -5.92
 249    -5.12
 250    -5.53
 251    -4.03
 252    -2.63
 253    -1.58
 254    -0.81
 255     0.15
 256     0.90
 257     1.77
 258     4.81
 259     5.59
 260     5.86
 261     7.45
 262    10.53
 263    11.92
 264    13.57
 265    14.56
 266    17.53
 267    18.92
 268    20.46
 269    22.16
 270    24.28
 271    24.98
 272    26.49
 273    26.87
 274    27.37
 275    29.10
 276    32.21
 277    34.13
 278    34.70
 279    36.74
 280    38.02
 281    39.60
 282    40.88
 283    41.19
 284    43.61
 285    43.55
 286    44.14
 287    45.85
 288    46.62
 289    47.54
 290    48.51
 291    50.11
 292    50.36
 293    50.96
 294    52.30
 295    53.30
 296    54.19
 297    54.75
 298    55.06
 299    55.59
 300    55.32
 301    56.28
 302    55.64
 303    55.45
 304    54.81
 305    54.74
 306    53.83
 307    53.01
 308    52.47
 309    52.27
 310    51.85
 311    51.71
 312    50.69
 313    50.00
 314    49.44
 315    49.15
 316    48.18
 317    48.29
 318    47.24
 319    46.76
 320    45.63
 321    44.59
 322    43.74
 323    42.77
 324    41.91
 325    41.45
 326    40.55
 327    39.64
 328    38.66
 329    37.94
 330    37.17
 331    36.53
 332    36.01
 333    34.92
 334    33.80
 335    33.46
 336    32.48
 337    31.47
 338    30.55
 339    29.45
 340    28.35
 341    27.44
 342    26.40
 343    25.29
 344    24.15
 345    23.03
 346    21.90
 347    20.90
 348    19.84
 349    18.71
 350    17.61
 351    16.49
 352    15.35
 353    14.26
 354    13.23
 355    12.11
 356    10.99
 357     9.85
 358     8.72
 359     7.69
 360     6.67
 361     5.55
 362     4.41
 363     3.27
 364     2.28
 365     1.14
 366     0.00
