  01    -0.84
  02    -1.68
  03    -2.52
  04    -3.36
  05    -4.20
  06    -5.03
  07    -5.87
  08    -6.71
  09    -7.55
  10    -8.39
  11    -9.23
  12   -10.07
  13   -10.91
  14   -11.75
  15   -12.59
  16   -13.43
  17   -14.26
  18   -15.10
  19   -15.94
  20   -16.78
  21   -17.62
  22   -18.46
  23   -19.30
  24   -20.14
  25   -20.98
  26   -21.82
  27   -22.66
  28   -23.49
  29   -24.33
  30   -25.17
  31   -26.01
  32   -26.85
  33   -27.69
  34   -28.53
  35   -29.37
  36   -30.21
  37   -31.04
  38   -31.88
  39   -32.72
  40   -33.55
  41   -34.39
  42   -35.23
  43   -36.05
  44   -36.60
  45   -37.30
  46   -38.12
  47   -38.92
  48   -39.75
  49   -40.59
  50   -41.43
  51   -42.26
  52   -43.10
  53   -43.94
  54   -44.74
  55   -45.58
  56   -46.41
  57   -47.23
  58   -48.06
  59   -48.87
  60   -49.70
  61   -50.44
  62   -51.27
  63   -52.05
  64   -52.88
  65   -53.70
  66   -54.52
  67   -55.36
  68   -56.17
  69   -56.99
  70   -57.77
  71   -58.48
  72   -59.23
  73   -60.02
  74   -60.82
  75   -61.65
  76   -62.43
  77   -63.19
  78   -64.01
  79   -64.82
  80   -65.57
  81   -66.36
  82   -67.00
  83   -67.62
  84   -68.27
  85   -68.99
  86   -69.54
  87   -70.23
  88   -70.76
  89   -71.48
  90   -72.22
  91   -73.00
  92   -73.74
  93   -74.29
  94   -75.09
  95   -75.83
  96   -76.61
  97   -77.32
  98   -77.88
  99   -78.39
 100   -79.08
 101   -79.59
 102   -80.02
 103   -80.55
 104   -80.96
 105   -81.53
 106   -81.79
 107   -82.40
 108   -83.05
 109   -83.68
 110   -84.18
 111   -84.60
 112   -84.97
 113   -85.35
 114   -85.20
 115   -85.74
 116   -86.12
 117   -86.43
 118   -86.83
 119   -86.85
 120   -87.16
 121   -87.72
 122   -87.94
 123   -88.32
 124   -88.52
 125   -88.71
 126   -88.72
 127   -88.44
 128   -89.03
 129   -89.54
 130   -89.01
 131   -89.22
 132   -89.23
 133   -89.32
 134   -89.73
 135   -89.95
 136   -90.00
 137   -89.75
 138   -89.31
 139   -89.03
 140   -87.48
 141   -85.78
 142   -85.77
 143   -85.86
 144   -85.92
 145   -85.54
 146   -84.98
 147   -84.32
 148   -84.12
 149   -84.08
 150   -83.69
 151   -82.76
 152   -82.08
 153   -82.09
 154   -81.68
 155   -81.93
 156   -81.64
 157   -81.54
 158   -80.70
 159   -80.60
 160   -80.23
 161   -79.35
 162   -79.22
 163   -79.33
 164   -78.83
 165   -78.92
 166   -78.95
 167   -78.75
 168   -77.95
 169   -76.15
 170   -75.51
 171   -74.95
 172   -74.70
 173   -73.85
 174   -73.13
 175   -72.25
 176   -71.65
 177   -71.37
 178   -71.43
 179   -71.07
 180   -70.95
 181   -70.50
 182   -69.40
 183   -69.09
 184   -68.74
 185   -68.47
 186   -66.78
 187   -66.85
 188   -66.79
 189   -66.89
 190   -66.80
 191   -65.96
 192   -65.41
 193   -65.45
 194   -65.59
 195   -65.79
 196   -65.65
 197   -64.36
 198   -64.12
 199   -63.18
 200   -62.09
 201   -61.68
 202   -61.05
 203   -58.95
 204   -56.36
 205   -56.19
 206   -54.77
 207   -54.85
 208   -54.69
 209   -54.43
 210   -53.40
 211   -52.57
 212   -51.53
 213   -51.21
 214   -50.75
 215   -50.04
 216   -49.77
 217   -49.78
 218   -49.71
 219   -46.97
 220   -45.84
 221   -44.24
 222   -44.39
 223   -44.24
 224   -43.07
 225   -42.29
 226   -41.54
 227   -40.84
 228   -40.48
 229   -39.24
 230   -36.59
 231   -36.15
 232   -35.41
 233   -34.21
 234   -32.62
 235   -30.43
 236   -30.32
 237   -28.67
 238   -28.08
 239   -26.41
 240   -26.35
 241   -25.34
 242   -25.54
 243   -24.47
 244   -23.30
 245   -19.82
 246   -15.94
 247   -13.94
 248   -13.00
 249   -10.26
 250    -8.57
 251    -7.46
 252    -6.50
 253    -6.14
 254    -3.89
 255     0.47
 256     2.25
 257     3.26
 258     3.85
 259     5.67
 260     9.45
 261     9.97
 262    10.66
 263    11.20
 264    13.51
 265    15.10
 266    16.35
 267    19.34
 268    21.47
 269    23.20
 270    24.18
 271    25.72
 272    27.84
 273    30.24
 274    31.37
 275    33.46
 276    34.84
 277    37.00
 278    37.69
 279    38.72
 280    39.50
 281    42.25
 282    43.53
 283    44.86
 284    47.30
 285    48.20
 286    48.18
 287    48.26
 288    49.39
 289    50.67
 290    50.74
 291    51.37
 292    52.42
 293    52.19
 294    52.52
 295    52.01
 296    51.93
 297    51.56
 298    51.28
 299    50.99
 300    50.73
 301    51.21
 302    50.56
 303    50.43
 304    49.74
 305    48.96
 306    48.50
 307    47.87
 308    47.27
 309    46.69
 310    46.11
 311    45.29
 312    44.50
 313    43.78
 314    42.99
 315    42.25
 316    41.70
 317    40.97
 318    40.27
 319    39.43
 320    38.59
 321    37.76
 322    36.92
 323    36.08
 324    35.24
 325    34.40
 326    33.56
 327    32.72
 328    31.88
 329    31.04
 330    30.20
 331    29.36
 332    28.53
 333    27.69
 334    26.85
 335    26.01
 336    25.17
 337    24.33
 338    23.49
 339    22.65
 340    21.81
 341    20.97
 342    20.13
 343    19.30
 344    18.46
 345    17.62
 346    16.78
 347    15.94
 348    15.10
 349    14.26
 350    13.42
 351    12.58
 352    11.74
 353    10.90
 354    10.07
 355     9.23
 356     8.39
 357     7.55
 358     6.71
 359     5.87
 360     5.03
 361     4.19
 362     3.35
 363     2.51
 364     1.67
 365     0.83
 366    -0.00
