  01    -1.26
  02    -2.70
  03    -4.11
  04    -5.56
  05    -6.69
  06    -7.89
  07    -9.28
  08   -10.40
  09   -11.72
  10   -13.16
  11   -14.46
  12   -14.80
  13   -16.11
  14   -17.26
  15   -18.42
  16   -19.42
  17   -20.81
  18   -22.19
  19   -22.78
  20   -23.77
  21   -24.42
  22   -25.29
  23   -26.26
  24   -27.68
  25   -28.97
  26   -30.38
  27   -30.81
  28   -31.75
  29   -32.65
  30   -33.11
  31   -34.19
  32   -34.84
  33   -35.42
  34   -35.38
  35   -36.35
  36   -37.29
  37   -38.02
  38   -39.20
  39   -39.95
  40   -40.64
  41   -40.85
  42   -41.48
  43   -41.43
  44   -42.00
  45   -42.44
  46   -42.55
  47   -43.62
  48   -44.61
  49   -45.20
  50   -46.48
  51   -47.57
  52   -48.38
  53   -49.48
  54   -50.50
  55   -50.13
  56   -50.44
  57   -50.69
  58   -51.60
  59   -51.95
  60   -52.91
  61   -54.16
  62   -53.66
  63   -53.16
  64   -53.10
  65   -52.45
  66   -52.67
  67   -52.89
  68   -51.72
  69   -51.05
  70   -50.41
  71   -48.94
  72   -49.45
  73   -49.56
  74   -49.47
  75   -49.96
  76   -50.17
  77   -50.99
  78   -50.86
  79   -50.89
  80   -51.36
  81   -50.45
  82   -51.38
  83   -51.34
  84   -50.93
  85   -50.45
  86   -50.45
  87   -51.05
  88   -51.52
  89   -51.53
  90   -49.73
  91   -48.44
  92   -47.32
  93   -46.49
  94   -46.55
  95   -45.80
  96   -45.84
  97   -45.71
  98   -46.40
  99   -45.72
 100   -45.92
 101   -44.98
 102   -44.77
 103   -44.99
 104   -43.72
 105   -43.09
 106   -41.87
 107   -41.26
 108   -41.62
 109   -42.13
 110   -42.10
 111   -42.50
 112   -41.19
 113   -39.29
 114   -38.93
 115   -39.95
 116   -38.82
 117   -38.38
 118   -36.94
 119   -36.69
 120   -37.62
 121   -37.75
 122   -38.30
 123   -37.20
 124   -36.35
 125   -36.84
 126   -35.82
 127   -35.25
 128   -34.05
 129   -33.70
 130   -32.01
 131   -30.73
 132   -30.98
 133   -28.68
 134   -27.28
 135   -26.36
 136   -25.94
 137   -24.61
 138   -24.27
 139   -22.74
 140   -21.34
 141   -21.26
 142   -21.30
 143   -21.76
 144   -19.68
 145   -20.09
 146   -18.27
 147   -17.99
 148   -16.59
 149   -15.32
 150   -13.75
 151   -14.48
 152   -14.35
 153   -12.57
 154   -11.06
 155    -8.08
 156    -6.02
 157    -4.76
 158    -4.21
 159    -0.92
 160     2.38
 161     4.75
 162     5.73
 163     6.26
 164     7.46
 165     9.03
 166    10.55
 167    10.64
 168    10.91
 169    13.37
 170    14.68
 171    15.94
 172    15.76
 173    17.85
 174    18.82
 175    20.12
 176    20.12
 177    21.16
 178    22.36
 179    22.98
 180    23.61
 181    23.65
 182    23.14
 183    24.49
 184    25.55
 185    26.41
 186    26.79
 187    26.45
 188    26.97
 189    27.03
 190    26.96
 191    26.66
 192    26.50
 193    26.53
 194    26.16
 195    26.03
 196    26.61
 197    27.20
 198    29.18
 199    29.18
 200    29.99
 201    29.81
 202    28.87
 203    29.52
 204    28.51
 205    27.51
 206    26.79
 207    26.51
 208    25.73
 209    25.08
 210    24.31
 211    24.43
 212    24.77
 213    24.15
 214    23.22
 215    22.11
 216    21.06
 217    20.92
 218    20.17
 219    18.80
 220    18.31
 221    17.77
 222    17.01
 223    16.82
 224    16.15
 225    15.96
 226    14.87
 227    14.07
 228    13.21
 229    12.67
 230    11.81
 231    11.15
 232    11.94
 233    11.50
 234    10.66
 235    11.48
 236    10.93
 237    10.99
 238    11.69
 239    11.24
 240    11.03
 241     9.97
 242    10.01
 243     9.82
 244     8.99
 245     8.80
 246     8.28
 247     7.82
 248     8.37
 249     8.85
 250    10.43
 251    10.66
 252    10.60
 253     9.91
 254    10.93
 255    11.90
 256    11.69
 257    11.69
 258    12.14
 259    11.88
 260    12.43
 261    12.17
 262    11.16
 263    13.79
 264    13.91
 265    12.94
 266    15.57
 267    17.63
 268    18.39
 269    20.45
 270    22.56
 271    22.79
 272    22.63
 273    23.70
 274    23.27
 275    23.86
 276    25.75
 277    25.67
 278    27.98
 279    27.57
 280    29.78
 281    31.78
 282    32.90
 283    33.99
 284    34.54
 285    36.57
 286    36.00
 287    36.75
 288    37.61
 289    37.35
 290    38.23
 291    38.59
 292    39.84
 293    40.59
 294    40.45
 295    40.11
 296    41.68
 297    42.48
 298    42.43
 299    42.96
 300    43.64
 301    44.40
 302    44.97
 303    45.71
 304    45.36
 305    45.53
 306    45.50
 307    45.30
 308    46.21
 309    46.12
 310    46.23
 311    45.55
 312    44.75
 313    44.82
 314    43.90
 315    44.62
 316    44.42
 317    43.43
 318    42.30
 319    41.61
 320    40.86
 321    40.52
 322    40.71
 323    40.32
 324    39.83
 325    40.36
 326    39.69
 327    38.63
 328    38.52
 329    38.53
 330    37.66
 331    36.95
 332    35.87
 333    34.50
 334    33.80
 335    33.34
 336    32.40
 337    31.72
 338    30.87
 339    29.80
 340    29.07
 341    28.53
 342    27.34
 343    26.26
 344    25.17
 345    23.99
 346    23.81
 347    22.85
 348    21.65
 349    20.62
 350    19.83
 351    18.58
 352    17.35
 353    15.94
 354    14.49
 355    13.82
 356    12.65
 357    11.51
 358    10.19
 359     8.86
 360     7.66
 361     6.21
 362     4.89
 363     3.46
 364     2.58
 365     1.45
 366     0.00
