  01    -0.78
  02    -1.49
  03    -2.96
  04    -4.31
  05    -5.76
  06    -6.99
  07    -8.14
  08    -9.51
  09   -10.97
  10   -11.15
  11   -12.15
  12   -13.55
  13   -14.96
  14   -16.43
  15   -17.90
  16   -19.35
  17   -20.74
  18   -21.90
  19   -23.05
  20   -24.25
  21   -25.06
  22   -25.64
  23   -26.64
  24   -27.59
  25   -28.61
  26   -29.72
  27   -30.78
  28   -31.87
  29   -33.02
  30   -34.41
  31   -34.73
  32   -35.65
  33   -36.23
  34   -37.61
  35   -38.15
  36   -39.05
  37   -40.11
  38   -41.43
  39   -42.77
  40   -43.97
  41   -45.19
  42   -46.21
  43   -46.64
  44   -47.09
  45   -47.86
  46   -48.74
  47   -49.48
  48   -50.26
  49   -50.64
  50   -51.57
  51   -51.46
  52   -51.07
  53   -52.18
  54   -52.38
  55   -52.51
  56   -52.99
  57   -52.53
  58   -52.45
  59   -51.81
  60   -52.41
  61   -52.39
  62   -53.13
  63   -53.20
  64   -53.61
  65   -54.64
  66   -55.09
  67   -54.64
  68   -55.38
  69   -56.45
  70   -55.36
  71   -54.77
  72   -55.24
  73   -55.85
  74   -56.19
  75   -55.60
  76   -55.60
  77   -56.57
  78   -57.12
  79   -57.40
  80   -56.31
  81   -57.37
  82   -56.41
  83   -55.98
  84   -56.42
  85   -55.81
  86   -53.60
  87   -54.09
  88   -53.77
  89   -54.04
  90   -53.89
  91   -53.63
  92   -52.66
  93   -52.50
  94   -51.89
  95   -51.84
  96   -50.16
  97   -50.65
  98   -51.47
  99   -50.69
 100   -50.05
 101   -50.18
 102   -49.94
 103   -49.61
 104   -50.62
 105   -50.86
 106   -50.62
 107   -49.44
 108   -48.70
 109   -48.75
 110   -46.50
 111   -46.89
 112   -45.64
 113   -45.81
 114   -45.06
 115   -44.88
 116   -44.49
 117   -45.04
 118   -45.26
 119   -45.66
 120   -43.33
 121   -43.49
 122   -44.27
 123   -42.93
 124   -42.45
 125   -41.95
 126   -41.85
 127   -40.43
 128   -39.38
 129   -40.06
 130   -40.23
 131   -40.91
 132   -40.33
 133   -40.23
 134   -40.82
 135   -39.20
 136   -38.88
 137   -37.65
 138   -36.54
 139   -36.99
 140   -36.74
 141   -36.79
 142   -36.40
 143   -35.52
 144   -35.55
 145   -35.61
 146   -35.17
 147   -33.08
 148   -31.10
 149   -28.85
 150   -28.02
 151   -27.84
 152   -27.54
 153   -25.74
 154   -25.33
 155   -25.27
 156   -24.23
 157   -22.71
 158   -21.27
 159   -20.73
 160   -18.61
 161   -16.40
 162   -16.07
 163   -15.69
 164   -14.40
 165   -12.88
 166   -12.44
 167   -11.85
 168   -11.03
 169   -11.07
 170    -7.55
 171    -7.22
 172    -5.60
 173    -3.80
 174    -0.51
 175     2.80
 176     4.68
 177     7.47
 178     8.24
 179     9.95
 180     9.49
 181    11.57
 182    12.58
 183    12.96
 184    13.44
 185    13.52
 186    13.22
 187    14.00
 188    16.53
 189    16.39
 190    17.82
 191    19.41
 192    20.46
 193    19.90
 194    21.34
 195    21.23
 196    21.77
 197    24.03
 198    24.06
 199    24.16
 200    23.51
 201    23.47
 202    23.05
 203    21.98
 204    21.05
 205    20.21
 206    19.86
 207    19.91
 208    19.96
 209    19.51
 210    20.58
 211    21.12
 212    20.51
 213    19.70
 214    19.37
 215    18.79
 216    19.00
 217    18.37
 218    18.32
 219    17.67
 220    17.72
 221    16.70
 222    17.29
 223    16.07
 224    15.91
 225    14.94
 226    14.19
 227    14.25
 228    14.36
 229    14.22
 230    13.78
 231    13.87
 232    12.69
 233    11.67
 234    12.02
 235    12.05
 236    11.74
 237    11.90
 238    11.16
 239    10.99
 240    10.98
 241    11.33
 242    10.64
 243    10.55
 244    10.82
 245    10.28
 246    10.54
 247     9.84
 248    12.21
 249    11.81
 250    11.25
 251    12.03
 252    11.24
 253    11.80
 254    12.67
 255    13.09
 256    14.09
 257    14.25
 258    15.06
 259    16.99
 260    18.03
 261    20.00
 262    20.05
 263    20.86
 264    22.12
 265    22.37
 266    23.74
 267    24.39
 268    25.66
 269    27.05
 270    29.76
 271    30.48
 272    30.68
 273    31.27
 274    31.29
 275    31.35
 276    32.53
 277    33.05
 278    33.53
 279    34.72
 280    35.31
 281    36.25
 282    36.08
 283    38.24
 284    38.52
 285    40.26
 286    40.26
 287    40.10
 288    40.89
 289    41.29
 290    41.96
 291    42.29
 292    42.45
 293    43.64
 294    43.98
 295    45.09
 296    44.60
 297    45.96
 298    46.37
 299    47.52
 300    48.47
 301    48.59
 302    50.00
 303    50.05
 304    49.70
 305    48.93
 306    49.08
 307    49.05
 308    48.03
 309    47.85
 310    47.19
 311    47.20
 312    46.12
 313    45.69
 314    45.57
 315    44.99
 316    44.27
 317    44.00
 318    42.81
 319    43.70
 320    42.91
 321    41.89
 322    40.98
 323    39.71
 324    39.01
 325    38.10
 326    38.03
 327    36.68
 328    35.62
 329    34.32
 330    33.37
 331    32.77
 332    31.89
 333    31.29
 334    30.88
 335    30.28
 336    29.85
 337    29.52
 338    28.51
 339    28.03
 340    26.85
 341    26.79
 342    25.48
 343    24.83
 344    24.07
 345    22.85
 346    21.70
 347    21.10
 348    19.72
 349    18.44
 350    17.42
 351    16.17
 352    14.70
 353    13.38
 354    12.26
 355    11.13
 356     9.73
 357     9.24
 358     7.82
 359     7.33
 360     7.38
 361     6.10
 362     5.05
 363     3.72
 364     2.25
 365     0.81
 366     0.01
