  01    -1.06
  02    -2.12
  03    -3.18
  04    -4.23
  05    -5.29
  06    -6.35
  07    -7.41
  08    -8.47
  09    -9.52
  10   -10.58
  11   -11.64
  12   -12.70
  13   -13.76
  14   -14.80
  15   -15.86
  16   -16.91
  17   -17.97
  18   -19.03
  19   -20.08
  20   -21.14
  21   -22.20
  22   -23.25
  23   -24.31
  24   -25.37
  25   -26.42
  26   -27.48
  27   -28.53
  28   -29.59
  29   -30.64
  30   -31.69
  31   -32.75
  32   -33.80
  33   -34.86
  34   -35.89
  35   -36.84
  36   -37.89
  37   -38.94
  38   -39.99
  39   -41.00
  40   -42.05
  41   -43.04
  42   -44.08
  43   -45.13
  44   -46.18
  45   -47.22
  46   -48.18
  47   -48.99
  48   -49.92
  49   -50.95
  50   -51.87
  51   -52.71
  52   -53.50
  53   -54.50
  54   -55.45
  55   -56.22
  56   -57.02
  57   -57.92
  58   -58.75
  59   -59.52
  60   -60.26
  61   -60.97
  62   -61.77
  63   -62.66
  64   -63.56
  65   -64.27
  66   -65.07
  67   -65.75
  68   -66.55
  69   -67.17
  70   -67.60
  71   -68.19
  72   -68.80
  73   -69.60
  74   -70.37
  75   -71.22
  76   -71.91
  77   -72.35
  78   -72.99
  79   -73.56
  80   -73.95
  81   -74.42
  82   -74.78
  83   -75.24
  84   -75.61
  85   -75.91
  86   -76.65
  87   -77.23
  88   -77.64
  89   -78.26
  90   -78.85
  91   -79.54
  92   -80.28
  93   -80.53
  94   -81.21
  95   -81.69
  96   -82.13
  97   -82.44
  98   -83.00
  99   -83.34
 100   -83.64
 101   -84.03
 102   -84.49
 103   -85.03
 104   -85.38
 105   -85.44
 106   -85.66
 107   -85.72
 108   -86.15
 109   -86.49
 110   -86.58
 111   -86.80
 112   -86.96
 113   -87.36
 114   -87.37
 115   -87.55
 116   -87.63
 117   -87.86
 118   -88.18
 119   -88.28
 120   -88.45
 121   -88.87
 122   -89.16
 123   -89.30
 124   -89.07
 125   -89.13
 126   -89.71
 127   -89.61
 128   -89.88
 129   -90.30
 130   -90.19
 131   -90.17
 132   -90.45
 133   -90.83
 134   -90.79
 135   -90.53
 136   -90.59
 137   -90.15
 138   -90.12
 139   -90.01
 140   -87.01
 141   -87.04
 142   -87.04
 143   -86.97
 144   -86.97
 145   -86.64
 146   -86.78
 147   -86.01
 148   -84.92
 149   -84.83
 150   -83.80
 151   -82.25
 152   -82.11
 153   -81.68
 154   -81.08
 155   -80.52
 156   -79.82
 157   -79.15
 158   -78.33
 159   -77.60
 160   -77.45
 161   -77.46
 162   -76.37
 163   -76.40
 164   -76.31
 165   -76.12
 166   -76.10
 167   -75.79
 168   -74.96
 169   -74.49
 170   -73.62
 171   -72.19
 172   -70.42
 173   -68.50
 174   -68.00
 175   -67.66
 176   -67.57
 177   -66.38
 178   -65.85
 179   -65.72
 180   -65.38
 181   -64.40
 182   -64.22
 183   -64.53
 184   -63.27
 185   -62.42
 186   -60.52
 187   -60.47
 188   -60.07
 189   -59.98
 190   -59.49
 191   -58.27
 192   -57.81
 193   -57.35
 194   -57.33
 195   -56.42
 196   -55.68
 197   -55.15
 198   -54.79
 199   -53.90
 200   -53.30
 201   -53.05
 202   -53.01
 203   -52.51
 204   -50.39
 205   -50.12
 206   -50.14
 207   -49.25
 208   -49.33
 209   -46.82
 210   -44.65
 211   -44.10
 212   -43.32
 213   -41.96
 214   -40.36
 215   -38.01
 216   -36.65
 217   -35.42
 218   -34.93
 219   -35.15
 220   -34.15
 221   -33.86
 222   -33.55
 223   -32.57
 224   -30.74
 225   -29.62
 226   -28.32
 227   -27.88
 228   -27.35
 229   -24.40
 230   -23.71
 231   -23.52
 232   -22.64
 233   -19.60
 234   -18.72
 235   -18.74
 236   -18.63
 237   -18.24
 238   -15.98
 239   -15.44
 240   -15.20
 241   -14.18
 242   -14.13
 243   -13.86
 244   -10.96
 245   -10.05
 246    -8.86
 247    -8.19
 248    -7.74
 249    -6.86
 250    -4.33
 251    -4.09
 252    -3.66
 253    -2.93
 254    -2.14
 255    -1.32
 256    -1.12
 257     1.20
 258     1.84
 259     2.73
 260     4.46
 261     5.52
 262     6.00
 263     6.55
 264     7.65
 265     8.86
 266    10.38
 267    11.60
 268    12.95
 269    14.92
 270    17.16
 271    19.44
 272    22.01
 273    23.50
 274    24.19
 275    27.56
 276    29.30
 277    30.74
 278    31.89
 279    33.79
 280    35.41
 281    36.46
 282    39.98
 283    41.06
 284    42.50
 285    43.52
 286    44.96
 287    45.92
 288    47.07
 289    48.07
 290    48.74
 291    50.60
 292    50.45
 293    50.46
 294    51.99
 295    53.03
 296    53.47
 297    54.22
 298    54.34
 299    55.18
 300    55.41
 301    56.01
 302    56.00
 303    56.64
 304    56.59
 305    56.55
 306    56.39
 307    55.91
 308    55.89
 309    55.64
 310    55.25
 311    54.61
 312    53.99
 313    53.41
 314    52.67
 315    51.99
 316    51.15
 317    50.57
 318    49.84
 319    48.95
 320    48.09
 321    47.14
 322    46.11
 323    45.07
 324    44.03
 325    43.07
 326    42.04
 327    41.07
 328    40.04
 329    38.98
 330    37.92
 331    36.87
 332    35.81
 333    34.75
 334    33.70
 335    32.66
 336    31.68
 337    30.69
 338    29.63
 339    28.59
 340    27.53
 341    26.47
 342    25.41
 343    24.35
 344    23.29
 345    22.23
 346    21.17
 347    20.12
 348    19.06
 349    18.00
 350    16.94
 351    15.88
 352    14.82
 353    13.76
 354    12.71
 355    11.65
 356    10.59
 357     9.53
 358     8.47
 359     7.41
 360     6.35
 361     5.29
 362     4.24
 363     3.18
 364     2.12
 365     1.06
 366     0.00
