  01    -0.97
  02    -1.93
  03    -2.90
  04    -3.87
  05    -4.84
  06    -5.80
  07    -6.77
  08    -7.74
  09    -8.71
  10    -9.67
  11   -10.64
  12   -11.61
  13   -12.57
  14   -13.54
  15   -14.51
  16   -15.47
  17   -16.44
  18   -17.41
  19   -18.37
  20   -19.34
  21   -20.31
  22   -21.27
  23   -22.24
  24   -23.20
  25   -24.17
  26   -25.13
  27   -26.10
  28   -27.06
  29   -28.03
  30   -29.00
  31   -29.96
  32   -30.92
  33   -31.88
  34   -32.84
  35   -33.80
  36   -34.76
  37   -35.72
  38   -36.68
  39   -37.64
  40   -38.61
  41   -39.56
  42   -40.46
  43   -41.40
  44   -42.35
  45   -43.31
  46   -44.24
  47   -45.06
  48   -46.01
  49   -46.94
  50   -47.80
  51   -48.74
  52   -49.70
  53   -50.63
  54   -51.52
  55   -52.45
  56   -53.21
  57   -54.02
  58   -54.93
  59   -55.83
  60   -56.72
  61   -57.43
  62   -58.23
  63   -58.93
  64   -59.79
  65   -60.67
  66   -61.48
  67   -62.36
  68   -63.21
  69   -64.00
  70   -64.70
  71   -65.19
  72   -65.95
  73   -66.80
  74   -67.68
  75   -68.56
  76   -69.40
  77   -70.20
  78   -71.12
  79   -71.93
  80   -72.62
  81   -73.32
  82   -73.99
  83   -74.77
  84   -75.51
  85   -76.31
  86   -76.88
  87   -77.41
  88   -78.07
  89   -78.58
  90   -79.00
  91   -79.77
  92   -80.49
  93   -80.92
  94   -81.55
  95   -82.11
  96   -82.87
  97   -83.58
  98   -84.17
  99   -84.74
 100   -85.25
 101   -85.72
 102   -86.31
 103   -86.79
 104   -87.25
 105   -87.57
 106   -87.70
 107   -88.10
 108   -88.55
 109   -88.59
 110   -88.86
 111   -89.07
 112   -89.45
 113   -89.90
 114   -89.73
 115   -89.97
 116   -90.26
 117   -90.54
 118   -90.77
 119   -91.14
 120   -91.53
 121   -92.19
 122   -92.22
 123   -92.62
 124   -92.54
 125   -92.70
 126   -92.18
 127   -92.21
 128   -92.74
 129   -92.82
 130   -92.80
 131   -92.70
 132   -92.70
 133   -92.99
 134   -93.18
 135   -93.16
 136   -92.94
 137   -92.82
 138   -92.99
 139   -92.58
 140   -92.03
 141   -91.27
 142   -91.38
 143   -91.41
 144   -91.29
 145   -91.04
 146   -90.66
 147   -89.18
 148   -88.11
 149   -87.90
 150   -87.58
 151   -86.24
 152   -84.68
 153   -84.60
 154   -84.13
 155   -83.86
 156   -82.47
 157   -82.15
 158   -80.75
 159   -80.63
 160   -79.50
 161   -77.91
 162   -77.21
 163   -77.13
 164   -76.50
 165   -76.23
 166   -75.92
 167   -75.59
 168   -74.88
 169   -74.29
 170   -73.54
 171   -73.52
 172   -71.99
 173   -70.72
 174   -69.39
 175   -68.88
 176   -68.67
 177   -68.37
 178   -68.03
 179   -67.90
 180   -67.62
 181   -66.72
 182   -65.57
 183   -65.44
 184   -64.33
 185   -63.28
 186   -61.54
 187   -61.29
 188   -60.90
 189   -60.56
 190   -60.02
 191   -57.25
 192   -56.65
 193   -56.81
 194   -56.28
 195   -55.36
 196   -53.72
 197   -52.97
 198   -53.00
 199   -52.34
 200   -52.51
 201   -52.61
 202   -52.35
 203   -50.89
 204   -49.50
 205   -49.47
 206   -48.96
 207   -48.70
 208   -48.93
 209   -48.81
 210   -47.82
 211   -46.50
 212   -46.39
 213   -46.12
 214   -44.80
 215   -44.07
 216   -41.24
 217   -39.98
 218   -38.58
 219   -37.71
 220   -37.44
 221   -37.35
 222   -37.41
 223   -36.19
 224   -34.72
 225   -34.38
 226   -33.66
 227   -31.98
 228   -32.16
 229   -30.97
 230   -30.40
 231   -29.29
 232   -28.35
 233   -24.72
 234   -23.80
 235   -23.10
 236   -21.90
 237   -20.71
 238   -20.06
 239   -17.93
 240   -18.16
 241   -18.51
 242   -17.59
 243   -17.78
 244   -16.56
 245   -15.74
 246   -15.70
 247   -15.14
 248   -14.38
 249   -13.25
 250   -12.13
 251   -10.42
 252    -9.70
 253    -9.10
 254    -8.17
 255    -7.00
 256    -5.93
 257    -5.15
 258    -4.49
 259    -4.12
 260    -1.45
 261    -1.09
 262     0.67
 263     1.15
 264     2.72
 265     4.24
 266     6.47
 267     8.97
 268    10.49
 269    14.36
 270    16.38
 271    18.03
 272    19.62
 273    21.46
 274    22.10
 275    25.85
 276    27.69
 277    29.43
 278    29.81
 279    31.45
 280    32.85
 281    34.75
 282    36.39
 283    37.51
 284    39.63
 285    41.23
 286    42.07
 287    43.17
 288    44.73
 289    46.71
 290    47.47
 291    48.16
 292    48.59
 293    48.50
 294    48.92
 295    51.49
 296    53.63
 297    53.80
 298    53.75
 299    55.00
 300    55.17
 301    55.25
 302    55.00
 303    55.17
 304    54.60
 305    54.24
 306    54.04
 307    53.50
 308    53.17
 309    52.73
 310    52.24
 311    51.60
 312    50.93
 313    50.16
 314    49.39
 315    48.50
 316    47.72
 317    47.06
 318    46.23
 319    45.28
 320    44.35
 321    43.52
 322    42.55
 323    41.59
 324    40.63
 325    39.66
 326    38.70
 327    37.73
 328    36.76
 329    35.79
 330    34.83
 331    33.86
 332    32.89
 333    31.92
 334    30.96
 335    29.99
 336    29.02
 337    28.05
 338    27.09
 339    26.12
 340    25.15
 341    24.19
 342    23.22
 343    22.25
 344    21.28
 345    20.32
 346    19.35
 347    18.38
 348    17.41
 349    16.45
 350    15.48
 351    14.51
 352    13.55
 353    12.58
 354    11.61
 355    10.64
 356     9.68
 357     8.71
 358     7.74
 359     6.77
 360     5.81
 361     4.84
 362     3.87
 363     2.91
 364     1.94
 365     0.97
 366     0.00
