  01    -1.29
  02    -2.47
  03    -3.78
  04    -5.09
  05    -6.27
  06    -7.58
  07    -8.42
  08    -8.88
  09    -9.97
  10   -11.10
  11   -12.39
  12   -12.99
  13   -14.30
  14   -15.61
  15   -16.65
  16   -17.94
  17   -19.21
  18   -19.83
  19   -20.89
  20   -21.67
  21   -22.08
  22   -23.26
  23   -23.79
  24   -25.05
  25   -26.31
  26   -27.60
  27   -28.58
  28   -29.64
  29   -30.28
  30   -30.88
  31   -31.74
  32   -32.77
  33   -33.50
  34   -34.53
  35   -35.59
  36   -36.82
  37   -37.99
  38   -39.25
  39   -39.71
  40   -40.82
  41   -41.50
  42   -42.02
  43   -42.50
  44   -43.66
  45   -43.01
  46   -44.09
  47   -44.98
  48   -45.66
  49   -45.23
  50   -46.44
  51   -47.31
  52   -48.13
  53   -49.07
  54   -49.97
  55   -51.04
  56   -51.26
  57   -50.89
  58   -50.19
  59   -50.50
  60   -51.27
  61   -51.92
  62   -50.93
  63   -50.85
  64   -51.90
  65   -52.73
  66   -52.53
  67   -51.77
  68   -51.73
  69   -51.74
  70   -52.34
  71   -51.65
  72   -51.94
  73   -52.68
  74   -52.96
  75   -53.74
  76   -53.67
  77   -54.52
  78   -53.55
  79   -53.86
  80   -53.65
  81   -53.36
  82   -52.97
  83   -53.83
  84   -52.89
  85   -53.01
  86   -53.25
  87   -53.28
  88   -54.03
  89   -52.97
  90   -53.49
  91   -51.76
  92   -50.11
  93   -50.37
  94   -49.76
  95   -48.00
  96   -48.05
  97   -47.33
  98   -47.25
  99   -47.17
 100   -48.17
 101   -48.44
 102   -47.63
 103   -46.71
 104   -47.18
 105   -45.40
 106   -45.44
 107   -44.53
 108   -44.37
 109   -43.46
 110   -42.56
 111   -42.20
 112   -41.44
 113   -39.02
 114   -39.08
 115   -39.15
 116   -36.46
 117   -36.34
 118   -36.58
 119   -35.68
 120   -35.44
 121   -35.28
 122   -35.57
 123   -34.31
 124   -34.12
 125   -31.28
 126   -31.09
 127   -31.34
 128   -31.35
 129   -31.21
 130   -30.09
 131   -29.64
 132   -29.51
 133   -29.85
 134   -28.56
 135   -28.68
 136   -28.58
 137   -26.72
 138   -25.69
 139   -24.49
 140   -24.15
 141   -24.06
 142   -23.00
 143   -21.63
 144   -21.29
 145   -20.70
 146   -18.73
 147   -18.77
 148   -18.28
 149   -17.94
 150   -14.75
 151   -14.39
 152   -13.54
 153   -10.85
 154    -9.05
 155    -6.57
 156    -5.97
 157    -2.89
 158    -3.26
 159    -1.84
 160     0.13
 161     0.15
 162     1.43
 163     1.83
 164     2.54
 165     2.90
 166     5.51
 167     5.65
 168     7.73
 169     9.40
 170    10.53
 171    11.01
 172    11.71
 173    11.62
 174    12.41
 175    13.98
 176    15.08
 177    17.11
 178    18.96
 179    20.29
 180    21.90
 181    23.26
 182    22.46
 183    23.61
 184    24.62
 185    26.32
 186    26.42
 187    27.40
 188    29.51
 189    29.77
 190    30.17
 191    30.59
 192    31.20
 193    32.05
 194    31.42
 195    31.62
 196    33.19
 197    33.05
 198    33.47
 199    32.40
 200    31.64
 201    32.45
 202    32.04
 203    32.05
 204    31.88
 205    31.36
 206    31.45
 207    30.33
 208    29.24
 209    28.48
 210    27.70
 211    27.55
 212    26.85
 213    27.12
 214    26.36
 215    25.16
 216    24.46
 217    24.14
 218    23.25
 219    22.19
 220    22.19
 221    21.36
 222    20.35
 223    19.56
 224    19.14
 225    18.31
 226    18.05
 227    17.16
 228    16.98
 229    16.07
 230    15.38
 231    14.81
 232    13.79
 233    13.54
 234    13.43
 235    12.66
 236    12.08
 237    11.62
 238    11.44
 239    11.37
 240    10.54
 241    10.23
 242    10.82
 243    11.11
 244    11.72
 245    12.02
 246    11.42
 247    12.00
 248    12.79
 249    12.63
 250    12.77
 251    14.35
 252    14.02
 253    13.40
 254    14.00
 255    15.43
 256    15.62
 257    16.74
 258    17.29
 259    17.69
 260    17.51
 261    18.81
 262    19.55
 263    20.78
 264    22.81
 265    23.84
 266    26.68
 267    29.15
 268    30.32
 269    31.27
 270    32.23
 271    33.12
 272    33.16
 273    32.87
 274    32.76
 275    33.44
 276    34.04
 277    35.56
 278    37.22
 279    38.21
 280    41.74
 281    42.98
 282    43.20
 283    45.09
 284    45.94
 285    46.74
 286    46.69
 287    46.95
 288    46.89
 289    46.76
 290    48.02
 291    48.52
 292    49.82
 293    49.49
 294    49.66
 295    49.45
 296    50.67
 297    51.18
 298    51.23
 299    51.54
 300    51.51
 301    51.52
 302    52.14
 303    52.81
 304    52.30
 305    52.14
 306    51.84
 307    50.93
 308    50.54
 309    50.40
 310    49.75
 311    48.86
 312    47.99
 313    47.76
 314    47.32
 315    46.61
 316    46.24
 317    45.37
 318    44.84
 319    43.75
 320    42.94
 321    42.22
 322    41.17
 323    40.73
 324    40.29
 325    39.75
 326    38.95
 327    38.42
 328    37.29
 329    36.50
 330    36.35
 331    35.54
 332    34.89
 333    33.74
 334    32.44
 335    31.64
 336    31.45
 337    30.63
 338    29.81
 339    28.57
 340    27.70
 341    26.66
 342    25.59
 343    24.35
 344    23.24
 345    22.43
 346    21.32
 347    20.54
 348    19.66
 349    18.35
 350    17.15
 351    16.23
 352    14.92
 353    14.19
 354    12.92
 355    12.22
 356    11.08
 357    10.85
 358     9.63
 359     8.32
 360     7.23
 361     6.00
 362     5.05
 363     3.76
 364     2.45
 365     1.31
 366     0.00
