  01    -1.43
  02    -2.55
  03    -3.96
  04    -5.41
  05    -6.58
  06    -7.94
  07    -9.08
  08   -10.50
  09   -11.64
  10   -12.64
  11   -14.07
  12   -15.52
  13   -16.76
  14   -17.92
  15   -19.29
  16   -20.73
  17   -21.68
  18   -23.14
  19   -24.31
  20   -25.42
  21   -26.87
  22   -28.24
  23   -29.01
  24   -30.32
  25   -31.39
  26   -32.33
  27   -33.75
  28   -34.76
  29   -36.21
  30   -37.24
  31   -38.69
  32   -39.47
  33   -40.48
  34   -41.93
  35   -43.06
  36   -44.11
  37   -45.16
  38   -45.71
  39   -46.57
  40   -46.93
  41   -47.57
  42   -48.74
  43   -48.57
  44   -48.82
  45   -49.68
  46   -50.84
  47   -51.60
  48   -51.91
  49   -52.59
  50   -52.88
  51   -51.89
  52   -52.73
  53   -53.80
  54   -54.76
  55   -53.60
  56   -54.67
  57   -54.49
  58   -55.10
  59   -55.56
  60   -56.01
  61   -56.65
  62   -57.09
  63   -57.33
  64   -57.47
  65   -58.15
  66   -59.22
  67   -59.26
  68   -58.92
  69   -59.70
  70   -59.02
  71   -58.32
  72   -57.53
  73   -57.46
  74   -56.69
  75   -56.20
  76   -56.74
  77   -55.86
  78   -56.69
  79   -53.85
  80   -52.55
  81   -51.82
  82   -52.12
  83   -52.22
  84   -51.98
  85   -52.23
  86   -52.47
  87   -52.72
  88   -51.02
  89   -50.93
  90   -50.51
  91   -50.88
  92   -51.05
  93   -51.00
  94   -51.53
  95   -51.27
  96   -51.01
  97   -51.05
  98   -51.49
  99   -52.30
 100   -51.09
 101   -51.19
 102   -51.91
 103   -50.65
 104   -51.94
 105   -52.08
 106   -51.65
 107   -49.84
 108   -49.44
 109   -49.31
 110   -49.01
 111   -47.42
 112   -47.69
 113   -47.15
 114   -47.07
 115   -47.09
 116   -46.80
 117   -46.40
 118   -45.75
 119   -45.03
 120   -44.63
 121   -43.94
 122   -42.32
 123   -42.62
 124   -41.61
 125   -41.50
 126   -40.56
 127   -40.88
 128   -40.47
 129   -40.76
 130   -40.98
 131   -41.55
 132   -40.79
 133   -40.55
 134   -39.48
 135   -37.93
 136   -37.09
 137   -36.91
 138   -36.00
 139   -35.98
 140   -36.50
 141   -36.87
 142   -36.82
 143   -36.15
 144   -34.50
 145   -32.53
 146   -32.14
 147   -31.02
 148   -29.42
 149   -27.15
 150   -26.82
 151   -25.37
 152   -25.23
 153   -22.70
 154   -22.51
 155   -22.49
 156   -20.12
 157   -18.04
 158   -18.43
 159   -16.06
 160   -12.01
 161   -10.02
 162    -7.66
 163    -6.69
 164    -4.77
 165    -4.77
 166    -3.76
 167    -3.07
 168    -1.61
 169    -1.02
 170     1.79
 171     4.46
 172     5.66
 173     6.67
 174     8.82
 175     9.30
 176    10.48
 177    11.73
 178    12.25
 179    12.57
 180    13.05
 181    13.81
 182    14.44
 183    14.94
 184    14.84
 185    16.04
 186    16.69
 187    16.12
 188    16.87
 189    18.42
 190    18.76
 191    19.94
 192    20.69
 193    22.20
 194    22.60
 195    22.84
 196    23.26
 197    23.33
 198    25.26
 199    25.04
 200    25.10
 201    25.04
 202    27.12
 203    27.37
 204    26.24
 205    26.64
 206    26.43
 207    25.71
 208    26.41
 209    26.41
 210    26.71
 211    26.72
 212    26.67
 213    26.75
 214    26.62
 215    25.80
 216    25.06
 217    24.71
 218    24.83
 219    24.59
 220    24.21
 221    23.21
 222    23.56
 223    23.33
 224    22.44
 225    21.35
 226    20.52
 227    19.56
 228    18.71
 229    17.97
 230    19.01
 231    18.23
 232    17.62
 233    16.70
 234    16.03
 235    16.39
 236    16.75
 237    16.34
 238    15.75
 239    16.41
 240    16.57
 241    16.49
 242    16.16
 243    15.93
 244    16.59
 245    16.17
 246    16.63
 247    15.80
 248    17.15
 249    17.29
 250    18.59
 251    20.24
 252    19.87
 253    19.43
 254    19.39
 255    19.03
 256    20.01
 257    19.98
 258    21.29
 259    22.47
 260    24.48
 261    24.88
 262    24.49
 263    26.29
 264    26.81
 265    30.53
 266    30.95
 267    31.28
 268    32.98
 269    34.26
 270    34.73
 271    35.41
 272    36.56
 273    37.35
 274    38.42
 275    38.65
 276    39.58
 277    40.35
 278    41.01
 279    41.76
 280    42.74
 281    43.36
 282    43.96
 283    43.66
 284    43.90
 285    44.46
 286    44.81
 287    46.26
 288    46.75
 289    47.06
 290    47.37
 291    48.54
 292    49.10
 293    50.26
 294    50.82
 295    51.17
 296    51.75
 297    52.05
 298    52.11
 299    51.82
 300    51.62
 301    51.72
 302    52.41
 303    52.31
 304    51.39
 305    50.80
 306    50.22
 307    50.26
 308    49.65
 309    49.02
 310    48.32
 311    48.20
 312    47.44
 313    47.72
 314    47.04
 315    46.54
 316    45.69
 317    45.04
 318    44.20
 319    43.34
 320    42.82
 321    42.29
 322    41.39
 323    41.66
 324    42.72
 325    42.69
 326    41.91
 327    41.31
 328    40.15
 329    39.18
 330    38.84
 331    38.25
 332    38.12
 333    36.73
 334    35.75
 335    34.71
 336    33.79
 337    32.74
 338    31.30
 339    30.63
 340    29.98
 341    29.48
 342    28.52
 343    27.78
 344    26.35
 345    25.09
 346    24.25
 347    23.15
 348    21.83
 349    20.57
 350    19.35
 351    17.99
 352    17.56
 353    16.65
 354    15.34
 355    14.50
 356    13.18
 357    12.10
 358    10.77
 359     9.36
 360     7.91
 361     7.00
 362     5.55
 363     4.34
 364     2.89
 365     1.43
 366     0.00
