  01    -0.75
  02    -1.50
  03    -2.25
  04    -3.00
  05    -3.75
  06    -4.50
  07    -5.25
  08    -6.00
  09    -6.75
  10    -7.50
  11    -8.25
  12    -9.00
  13    -9.75
  14   -10.50
  15   -11.25
  16   -12.00
  17   -12.76
  18   -13.51
  19   -14.26
  20   -15.01
  21   -15.76
  22   -16.51
  23   -17.26
  24   -18.01
  25   -18.76
  26   -19.51
  27   -20.26
  28   -21.01
  29   -21.76
  30   -22.51
  31   -23.26
  32   -24.01
  33   -24.76
  34   -25.51
  35   -26.26
  36   -27.01
  37   -27.76
  38   -28.51
  39   -29.26
  40   -30.01
  41   -30.76
  42   -31.51
  43   -32.26
  44   -33.00
  45   -33.73
  46   -34.48
  47   -35.23
  48   -35.98
  49   -36.73
  50   -37.47
  51   -38.22
  52   -38.97
  53   -39.72
  54   -40.47
  55   -41.22
  56   -41.97
  57   -42.72
  58   -43.47
  59   -44.22
  60   -44.97
  61   -45.72
  62   -46.47
  63   -47.19
  64   -47.94
  65   -48.69
  66   -49.44
  67   -50.19
  68   -50.94
  69   -51.69
  70   -52.43
  71   -53.18
  72   -53.93
  73   -54.68
  74   -55.41
  75   -56.16
  76   -56.91
  77   -57.64
  78   -58.38
  79   -59.13
  80   -59.88
  81   -60.61
  82   -61.36
  83   -62.09
  84   -62.80
  85   -63.48
  86   -64.21
  87   -64.95
  88   -65.68
  89   -66.37
  90   -67.10
  91   -67.84
  92   -68.50
  93   -69.21
  94   -69.92
  95   -70.57
  96   -71.25
  97   -71.88
  98   -72.57
  99   -73.28
 100   -73.96
 101   -74.59
 102   -75.23
 103   -75.83
 104   -76.47
 105   -77.13
 106   -77.53
 107   -78.18
 108   -78.67
 109   -79.22
 110   -79.75
 111   -80.31
 112   -80.90
 113   -81.35
 114   -81.84
 115   -82.47
 116   -83.08
 117   -83.56
 118   -83.97
 119   -84.27
 120   -84.69
 121   -85.21
 122   -85.60
 123   -86.13
 124   -86.65
 125   -86.91
 126   -87.36
 127   -87.67
 128   -88.08
 129   -87.99
 130   -88.26
 131   -88.27
 132   -88.36
 133   -88.58
 134   -88.83
 135   -89.04
 136   -89.29
 137   -89.35
 138   -89.26
 139   -89.27
 140   -89.38
 141   -89.17
 142   -89.13
 143   -89.47
 144   -89.23
 145   -89.02
 146   -88.40
 147   -87.91
 148   -87.65
 149   -86.90
 150   -86.74
 151   -85.93
 152   -85.65
 153   -85.48
 154   -85.09
 155   -84.87
 156   -84.78
 157   -84.73
 158   -84.11
 159   -83.85
 160   -81.48
 161   -80.84
 162   -80.39
 163   -80.65
 164   -80.11
 165   -80.02
 166   -80.05
 167   -80.09
 168   -78.79
 169   -78.28
 170   -77.69
 171   -77.67
 172   -77.49
 173   -77.01
 174   -76.61
 175   -76.32
 176   -76.09
 177   -76.00
 178   -75.89
 179   -75.87
 180   -75.41
 181   -74.66
 182   -74.42
 183   -74.50
 184   -73.58
 185   -73.01
 186   -72.37
 187   -72.11
 188   -71.75
 189   -71.46
 190   -71.05
 191   -69.82
 192   -68.94
 193   -69.02
 194   -68.80
 195   -68.34
 196   -66.94
 197   -66.45
 198   -65.94
 199   -65.24
 200   -64.05
 201   -63.65
 202   -63.26
 203   -62.61
 204   -61.23
 205   -60.84
 206   -60.42
 207   -59.16
 208   -58.59
 209   -57.61
 210   -55.87
 211   -54.63
 212   -53.33
 213   -51.88
 214   -51.82
 215   -50.09
 216   -48.97
 217   -47.65
 218   -47.03
 219   -45.87
 220   -44.22
 221   -42.91
 222   -40.43
 223   -40.26
 224   -38.83
 225   -38.28
 226   -36.84
 227   -36.16
 228   -35.34
 229   -31.64
 230   -28.83
 231   -27.59
 232   -26.80
 233   -25.00
 234   -20.18
 235   -18.71
 236   -17.65
 237   -14.94
 238   -13.21
 239   -11.19
 240    -9.23
 241    -3.79
 242    -2.86
 243    -1.02
 244     1.00
 245     2.36
 246     6.20
 247     7.82
 248     9.23
 249    11.04
 250    13.63
 251    14.12
 252    15.25
 253    17.69
 254    22.23
 255    24.00
 256    25.26
 257    26.63
 258    27.78
 259    28.59
 260    29.82
 261    30.94
 262    31.91
 263    32.53
 264    34.37
 265    36.20
 266    38.06
 267    38.84
 268    39.79
 269    40.11
 270    40.89
 271    41.49
 272    42.79
 273    44.02
 274    44.87
 275    45.27
 276    45.20
 277    45.36
 278    46.08
 279    45.94
 280    46.31
 281    46.74
 282    47.30
 283    48.88
 284    48.66
 285    49.04
 286    50.03
 287    49.68
 288    49.56
 289    49.42
 290    49.17
 291    48.99
 292    50.44
 293    50.90
 294    51.22
 295    50.96
 296    50.59
 297    50.07
 298    49.54
 299    48.98
 300    48.38
 301    47.85
 302    47.16
 303    46.57
 304    45.92
 305    45.22
 306    44.54
 307    43.92
 308    43.23
 309    42.68
 310    41.95
 311    41.22
 312    40.47
 313    39.72
 314    38.99
 315    38.25
 316    37.50
 317    36.75
 318    36.01
 319    35.26
 320    34.51
 321    33.76
 322    33.01
 323    32.26
 324    31.51
 325    30.76
 326    30.01
 327    29.26
 328    28.51
 329    27.76
 330    27.01
 331    26.26
 332    25.51
 333    24.76
 334    24.01
 335    23.26
 336    22.51
 337    21.76
 338    21.01
 339    20.26
 340    19.51
 341    18.76
 342    18.01
 343    17.26
 344    16.51
 345    15.76
 346    15.01
 347    14.26
 348    13.50
 349    12.75
 350    12.00
 351    11.25
 352    10.50
 353     9.75
 354     9.00
 355     8.25
 356     7.50
 357     6.75
 358     6.00
 359     5.25
 360     4.50
 361     3.75
 362     3.00
 363     2.25
 364     1.50
 365     0.75
 366    -0.00
