  01    -0.83
  02    -1.65
  03    -2.44
  04    -3.26
  05    -4.09
  06    -4.85
  07    -5.52
  08    -6.35
  09    -7.14
  10    -7.97
  11    -8.80
  12    -9.62
  13   -10.45
  14   -11.28
  15   -12.11
  16   -12.93
  17   -13.76
  18   -14.59
  19   -15.41
  20   -16.24
  21   -17.07
  22   -17.89
  23   -18.72
  24   -19.55
  25   -20.38
  26   -21.20
  27   -22.03
  28   -22.86
  29   -23.68
  30   -24.51
  31   -25.34
  32   -26.16
  33   -26.99
  34   -27.82
  35   -28.47
  36   -29.28
  37   -30.02
  38   -30.85
  39   -31.68
  40   -32.51
  41   -33.33
  42   -34.11
  43   -34.94
  44   -35.76
  45   -36.59
  46   -37.42
  47   -38.25
  48   -39.07
  49   -39.90
  50   -40.72
  51   -41.55
  52   -42.37
  53   -43.20
  54   -44.03
  55   -44.79
  56   -45.62
  57   -46.45
  58   -46.70
  59   -47.46
  60   -48.28
  61   -49.11
  62   -49.94
  63   -50.76
  64   -51.59
  65   -52.42
  66   -53.02
  67   -53.66
  68   -54.03
  69   -54.77
  70   -55.13
  71   -55.78
  72   -56.61
  73   -57.43
  74   -57.42
  75   -58.22
  76   -59.03
  77   -59.80
  78   -60.01
  79   -60.47
  80   -61.02
  81   -61.75
  82   -62.51
  83   -63.34
  84   -64.05
  85   -64.74
  86   -65.40
  87   -65.85
  88   -66.58
  89   -66.76
  90   -67.54
  91   -68.31
  92   -68.81
  93   -69.64
  94   -70.46
  95   -70.76
  96   -71.35
  97   -71.51
  98   -71.86
  99   -72.54
 100   -73.29
 101   -72.82
 102   -73.48
 103   -74.10
 104   -74.18
 105   -74.90
 106   -74.62
 107   -75.18
 108   -75.12
 109   -75.45
 110   -75.34
 111   -75.74
 112   -76.00
 113   -76.31
 114   -76.25
 115   -77.07
 116   -76.30
 117   -74.82
 118   -75.37
 119   -75.97
 120   -76.37
 121   -76.43
 122   -76.55
 123   -76.21
 124   -76.62
 125   -77.16
 126   -77.74
 127   -77.64
 128   -77.23
 129   -77.46
 130   -77.70
 131   -78.18
 132   -78.61
 133   -78.41
 134   -78.72
 135   -79.07
 136   -78.89
 137   -79.05
 138   -78.20
 139   -78.34
 140   -78.35
 141   -76.94
 142   -75.94
 143   -75.36
 144   -75.90
 145   -76.37
 146   -75.99
 147   -75.42
 148   -74.81
 149   -73.65
 150   -73.80
 151   -73.71
 152   -72.73
 153   -73.29
 154   -72.47
 155   -72.18
 156   -71.57
 157   -71.39
 158   -71.02
 159   -70.39
 160   -70.26
 161   -70.43
 162   -68.95
 163   -68.48
 164   -68.28
 165   -68.51
 166   -68.54
 167   -68.78
 168   -68.02
 169   -66.77
 170   -66.31
 171   -65.70
 172   -64.77
 173   -64.16
 174   -64.08
 175   -63.80
 176   -62.83
 177   -62.40
 178   -61.48
 179   -61.12
 180   -61.04
 181   -59.94
 182   -59.16
 183   -59.21
 184   -56.62
 185   -55.94
 186   -54.97
 187   -54.64
 188   -54.92
 189   -53.29
 190   -52.83
 191   -51.96
 192   -51.15
 193   -50.76
 194   -50.11
 195   -49.27
 196   -49.69
 197   -46.55
 198   -45.78
 199   -44.18
 200   -44.05
 201   -42.53
 202   -40.85
 203   -38.42
 204   -37.49
 205   -35.25
 206   -34.39
 207   -34.20
 208   -32.20
 209   -30.94
 210   -30.40
 211   -28.17
 212   -26.63
 213   -25.39
 214   -23.83
 215   -21.24
 216   -19.85
 217   -18.46
 218   -16.31
 219   -13.78
 220   -11.72
 221    -9.39
 222    -7.80
 223    -5.46
 224    -3.83
 225    -0.54
 226     2.38
 227     3.60
 228     4.25
 229     6.14
 230     7.12
 231     8.21
 232    10.00
 233    10.85
 234    11.59
 235    14.45
 236    16.41
 237    18.54
 238    19.28
 239    20.78
 240    22.00
 241    25.49
 242    26.80
 243    28.77
 244    32.13
 245    35.65
 246    36.35
 247    37.43
 248    38.35
 249    38.79
 250    40.97
 251    41.99
 252    43.52
 253    46.33
 254    46.90
 255    47.27
 256    48.60
 257    51.14
 258    52.85
 259    53.00
 260    53.44
 261    54.24
 262    54.45
 263    55.13
 264    55.21
 265    57.05
 266    57.98
 267    57.81
 268    58.59
 269    59.02
 270    59.19
 271    59.47
 272    59.57
 273    59.82
 274    59.36
 275    59.87
 276    59.74
 277    59.66
 278    59.37
 279    59.10
 280    58.95
 281    59.14
 282    59.00
 283    58.40
 284    58.26
 285    57.61
 286    57.34
 287    56.59
 288    56.59
 289    55.77
 290    55.35
 291    54.80
 292    54.05
 293    53.98
 294    53.51
 295    52.86
 296    52.11
 297    51.65
 298    51.38
 299    50.78
 300    50.36
 301    49.79
 302    49.75
 303    49.32
 304    48.84
 305    48.07
 306    47.51
 307    46.76
 308    46.10
 309    45.60
 310    44.84
 311    44.03
 312    43.21
 313    42.41
 314    41.59
 315    40.76
 316    39.93
 317    39.11
 318    38.28
 319    37.46
 320    36.63
 321    35.80
 322    34.98
 323    34.15
 324    33.32
 325    32.49
 326    31.67
 327    30.85
 328    30.03
 329    29.21
 330    28.38
 331    27.65
 332    26.82
 333    26.15
 334    25.46
 335    24.63
 336    23.81
 337    22.98
 338    22.16
 339    21.33
 340    20.50
 341    19.68
 342    18.85
 343    18.02
 344    17.19
 345    16.37
 346    15.81
 347    14.98
 348    14.15
 349    13.32
 350    12.50
 351    11.67
 352    10.84
 353    10.06
 354     9.23
 355     8.53
 356     7.91
 357     7.08
 358     6.25
 359     5.42
 360     4.60
 361     3.77
 362     2.94
 363     2.43
 364     1.60
 365     0.83
 366    -0.00
