  01    -0.82
  02    -1.65
  03    -2.48
  04    -3.31
  05    -4.14
  06    -4.97
  07    -5.81
  08    -6.64
  09    -7.47
  10    -8.30
  11    -9.13
  12    -9.96
  13   -10.79
  14   -11.62
  15   -12.45
  16   -13.28
  17   -14.11
  18   -14.90
  19   -15.73
  20   -16.56
  21   -17.39
  22   -18.22
  23   -19.05
  24   -19.88
  25   -20.71
  26   -21.54
  27   -22.37
  28   -23.21
  29   -24.04
  30   -24.86
  31   -25.69
  32   -26.52
  33   -27.36
  34   -28.19
  35   -29.02
  36   -29.85
  37   -30.68
  38   -31.51
  39   -32.34
  40   -33.17
  41   -34.00
  42   -34.62
  43   -35.22
  44   -36.04
  45   -36.84
  46   -37.65
  47   -38.32
  48   -39.11
  49   -39.94
  50   -40.70
  51   -41.49
  52   -42.32
  53   -43.15
  54   -43.98
  55   -44.75
  56   -45.58
  57   -46.42
  58   -47.25
  59   -48.08
  60   -48.90
  61   -49.69
  62   -50.52
  63   -51.35
  64   -52.18
  65   -53.01
  66   -53.84
  67   -54.67
  68   -55.50
  69   -56.15
  70   -56.95
  71   -57.72
  72   -58.48
  73   -59.29
  74   -59.88
  75   -60.59
  76   -61.38
  77   -62.12
  78   -62.91
  79   -63.71
  80   -64.45
  81   -64.87
  82   -65.61
  83   -66.41
  84   -67.18
  85   -67.97
  86   -68.69
  87   -69.52
  88   -70.31
  89   -71.08
  90   -71.43
  91   -72.10
  92   -72.93
  93   -73.73
  94   -74.33
  95   -75.12
  96   -75.95
  97   -76.74
  98   -77.46
  99   -77.55
 100   -78.03
 101   -77.23
 102   -77.66
 103   -77.96
 104   -78.30
 105   -78.92
 106   -78.78
 107   -79.31
 108   -79.88
 109   -80.51
 110   -81.20
 111   -81.58
 112   -80.24
 113   -79.40
 114   -80.14
 115   -80.67
 116   -80.82
 117   -80.31
 118   -79.96
 119   -79.85
 120   -78.97
 121   -78.97
 122   -79.13
 123   -79.01
 124   -78.96
 125   -78.81
 126   -78.33
 127   -78.86
 128   -79.05
 129   -79.52
 130   -77.42
 131   -77.86
 132   -78.20
 133   -77.37
 134   -77.56
 135   -77.51
 136   -77.72
 137   -77.23
 138   -77.36
 139   -76.99
 140   -76.73
 141   -76.49
 142   -76.10
 143   -75.31
 144   -75.61
 145   -75.46
 146   -74.26
 147   -73.39
 148   -73.51
 149   -73.28
 150   -73.07
 151   -71.18
 152   -70.38
 153   -70.04
 154   -69.32
 155   -69.46
 156   -69.83
 157   -69.71
 158   -68.15
 159   -67.58
 160   -67.12
 161   -66.72
 162   -67.09
 163   -66.69
 164   -66.78
 165   -66.64
 166   -64.92
 167   -64.05
 168   -62.95
 169   -63.32
 170   -62.68
 171   -62.28
 172   -61.88
 173   -61.31
 174   -61.13
 175   -60.36
 176   -58.81
 177   -58.58
 178   -58.39
 179   -57.59
 180   -56.72
 181   -54.88
 182   -55.02
 183   -54.88
 184   -53.10
 185   -53.29
 186   -53.10
 187   -52.29
 188   -52.80
 189   -51.28
 190   -51.09
 191   -50.86
 192   -50.67
 193   -49.79
 194   -48.48
 195   -46.59
 196   -44.86
 197   -43.48
 198   -42.25
 199   -41.91
 200   -39.21
 201   -38.39
 202   -37.10
 203   -34.38
 204   -32.95
 205   -31.21
 206   -30.36
 207   -28.79
 208   -28.16
 209   -27.78
 210   -26.40
 211   -24.59
 212   -23.55
 213   -21.66
 214   -20.25
 215   -20.12
 216   -18.45
 217   -16.93
 218   -16.49
 219   -14.42
 220   -12.24
 221   -11.38
 222    -8.93
 223    -7.72
 224    -7.16
 225    -4.17
 226    -0.77
 227     0.38
 228     2.24
 229     4.87
 230     5.40
 231     7.99
 232    10.66
 233    12.74
 234    14.68
 235    16.02
 236    17.65
 237    20.11
 238    22.35
 239    24.57
 240    26.41
 241    28.70
 242    30.89
 243    33.04
 244    36.05
 245    37.14
 246    39.92
 247    40.82
 248    43.00
 249    44.54
 250    45.04
 251    46.02
 252    46.20
 253    46.35
 254    46.50
 255    47.66
 256    48.17
 257    49.08
 258    50.97
 259    52.03
 260    52.77
 261    53.55
 262    53.44
 263    54.88
 264    55.03
 265    55.40
 266    56.14
 267    56.41
 268    55.93
 269    56.13
 270    56.44
 271    56.79
 272    57.51
 273    57.82
 274    58.16
 275    59.61
 276    59.37
 277    59.47
 278    58.96
 279    59.47
 280    59.51
 281    60.69
 282    60.41
 283    60.34
 284    60.55
 285    60.08
 286    59.74
 287    59.45
 288    59.40
 289    59.02
 290    58.56
 291    58.42
 292    57.97
 293    57.30
 294    56.66
 295    56.38
 296    55.90
 297    55.12
 298    54.34
 299    53.70
 300    53.10
 301    52.44
 302    52.09
 303    51.48
 304    50.68
 305    49.92
 306    49.09
 307    48.27
 308    47.44
 309    46.82
 310    45.99
 311    45.16
 312    44.33
 313    43.50
 314    42.67
 315    41.85
 316    41.02
 317    40.19
 318    39.39
 319    38.56
 320    37.73
 321    36.89
 322    36.06
 323    35.64
 324    34.81
 325    33.98
 326    33.15
 327    32.32
 328    31.51
 329    30.68
 330    29.85
 331    29.02
 332    28.18
 333    27.35
 334    26.52
 335    25.69
 336    24.87
 337    24.04
 338    23.21
 339    22.38
 340    21.55
 341    20.73
 342    19.90
 343    19.07
 344    18.24
 345    17.41
 346    16.58
 347    15.75
 348    14.92
 349    14.10
 350    13.27
 351    12.44
 352    11.61
 353    10.78
 354     9.94
 355     9.12
 356     8.30
 357     7.47
 358     6.64
 359     5.81
 360     4.98
 361     4.15
 362     3.32
 363     2.49
 364     1.66
 365     0.83
 366     0.00
