  01    -0.63
  02    -0.79
  03    -1.61
  04    -2.47
  05    -3.30
  06    -4.08
  07    -4.88
  08    -5.72
  09    -6.57
  10    -7.26
  11    -7.99
  12    -8.61
  13    -9.45
  14   -10.11
  15   -10.97
  16   -11.80
  17   -12.54
  18   -13.40
  19   -14.24
  20   -15.08
  21   -15.84
  22   -16.50
  23   -16.98
  24   -17.84
  25   -18.71
  26   -19.07
  27   -19.87
  28   -20.71
  29   -21.56
  30   -22.42
  31   -22.84
  32   -23.70
  33   -24.46
  34   -25.32
  35   -25.78
  36   -26.38
  37   -27.24
  38   -28.10
  39   -28.96
  40   -29.73
  41   -30.29
  42   -30.81
  43   -31.20
  44   -31.83
  45   -31.87
  46   -32.58
  47   -33.44
  48   -34.09
  49   -34.71
  50   -35.27
  51   -35.40
  52   -36.22
  53   -36.99
  54   -37.31
  55   -37.98
  56   -38.79
  57   -38.88
  58   -39.16
  59   -39.57
  60   -40.32
  61   -40.62
  62   -40.77
  63   -41.30
  64   -41.38
  65   -42.07
  66   -41.95
  67   -42.14
  68   -42.60
  69   -43.37
  70   -43.73
  71   -44.26
  72   -44.31
  73   -44.33
  74   -44.27
  75   -44.39
  76   -43.11
  77   -43.07
  78   -43.61
  79   -44.09
  80   -44.09
  81   -44.76
  82   -45.51
  83   -45.26
  84   -45.50
  85   -45.54
  86   -45.33
  87   -46.17
  88   -46.19
  89   -46.64
  90   -46.86
  91   -47.52
  92   -47.71
  93   -47.94
  94   -47.74
  95   -46.69
  96   -46.48
  97   -46.79
  98   -44.79
  99   -44.81
 100   -45.22
 101   -45.80
 102   -45.67
 103   -45.71
 104   -45.63
 105   -45.79
 106   -45.92
 107   -44.55
 108   -44.65
 109   -45.06
 110   -44.93
 111   -44.71
 112   -44.41
 113   -44.62
 114   -43.37
 115   -43.07
 116   -42.82
 117   -43.38
 118   -43.17
 119   -43.22
 120   -42.00
 121   -41.79
 122   -40.55
 123   -39.75
 124   -38.50
 125   -37.89
 126   -37.01
 127   -36.53
 128   -34.98
 129   -33.63
 130   -33.07
 131   -33.03
 132   -32.01
 133   -31.50
 134   -31.47
 135   -29.92
 136   -28.85
 137   -27.75
 138   -27.21
 139   -27.27
 140   -27.49
 141   -27.04
 142   -25.77
 143   -24.24
 144   -23.45
 145   -20.81
 146   -18.64
 147   -16.81
 148   -13.34
 149   -10.03
 150   -10.07
 151    -8.42
 152    -6.29
 153    -3.41
 154    -1.21
 155     2.55
 156     4.55
 157     9.52
 158    10.62
 159    12.38
 160    14.12
 161    18.45
 162    20.13
 163    22.12
 164    24.92
 165    29.46
 166    30.01
 167    33.01
 168    35.39
 169    37.66
 170    42.57
 171    46.42
 172    47.21
 173    49.92
 174    51.08
 175    51.63
 176    52.54
 177    54.26
 178    54.59
 179    55.44
 180    55.79
 181    58.35
 182    57.77
 183    58.16
 184    59.60
 185    59.16
 186    59.24
 187    59.93
 188    60.23
 189    60.06
 190    59.98
 191    59.62
 192    60.03
 193    60.26
 194    59.69
 195    58.95
 196    58.88
 197    58.64
 198    58.11
 199    58.10
 200    57.40
 201    57.06
 202    57.03
 203    56.26
 204    55.42
 205    54.88
 206    54.86
 207    54.56
 208    53.89
 209    53.43
 210    53.06
 211    53.74
 212    53.39
 213    52.71
 214    52.44
 215    51.97
 216    51.44
 217    50.80
 218    50.12
 219    49.40
 220    48.65
 221    47.98
 222    47.31
 223    46.81
 224    46.28
 225    45.68
 226    45.00
 227    44.67
 228    44.44
 229    43.93
 230    43.22
 231    42.43
 232    41.64
 233    41.53
 234    41.05
 235    41.25
 236    40.91
 237    40.34
 238    40.03
 239    39.28
 240    38.55
 241    37.83
 242    37.18
 243    36.86
 244    36.65
 245    35.90
 246    35.10
 247    34.35
 248    35.41
 249    35.75
 250    35.62
 251    35.96
 252    35.54
 253    34.87
 254    34.82
 255    34.22
 256    33.94
 257    33.30
 258    32.93
 259    32.51
 260    32.22
 261    31.63
 262    31.21
 263    31.02
 264    30.43
 265    30.01
 266    29.28
 267    28.55
 268    28.10
 269    28.72
 270    29.44
 271    29.04
 272    28.48
 273    28.33
 274    28.04
 275    28.41
 276    28.31
 277    28.45
 278    28.09
 279    28.62
 280    28.95
 281    28.83
 282    28.35
 283    29.11
 284    29.22
 285    29.34
 286    28.94
 287    29.21
 288    29.64
 289    29.80
 290    29.64
 291    29.67
 292    30.00
 293    29.92
 294    29.56
 295    29.19
 296    28.87
 297    29.69
 298    29.66
 299    29.54
 300    30.13
 301    30.07
 302    29.53
 303    29.56
 304    29.38
 305    28.83
 306    29.04
 307    28.97
 308    28.79
 309    28.46
 310    28.55
 311    28.35
 312    27.82
 313    27.49
 314    27.08
 315    26.77
 316    26.00
 317    26.52
 318    25.89
 319    25.12
 320    24.77
 321    25.07
 322    24.66
 323    24.53
 324    24.58
 325    24.21
 326    23.62
 327    23.19
 328    22.73
 329    21.92
 330    21.18
 331    20.93
 332    21.06
 333    21.60
 334    20.81
 335    21.10
 336    20.69
 337    19.97
 338    19.71
 339    19.02
 340    18.49
 341    18.04
 342    17.35
 343    16.48
 344    15.68
 345    14.90
 346    14.52
 347    14.45
 348    13.61
 349    12.96
 350    12.40
 351    11.64
 352    11.06
 353    10.21
 354     9.35
 355     8.50
 356     7.94
 357     7.26
 358     6.41
 359     5.60
 360     4.77
 361     3.98
 362     3.23
 363     2.36
 364     1.73
 365     0.86
 366    -0.00
