  01    -0.37
  02    -1.28
  03    -2.19
  04    -2.86
  05    -3.12
  06    -3.67
  07    -4.53
  08    -5.18
  09    -5.98
  10    -6.89
  11    -7.74
  12    -8.66
  13    -9.52
  14   -10.43
  15   -11.22
  16   -12.02
  17   -12.93
  18   -13.85
  19   -14.70
  20   -15.54
  21   -16.42
  22   -16.87
  23   -17.78
  24   -18.52
  25   -19.31
  26   -19.64
  27   -20.51
  28   -21.08
  29   -21.89
  30   -22.59
  31   -22.46
  32   -23.23
  33   -24.03
  34   -24.82
  35   -25.73
  36   -26.65
  37   -27.50
  38   -28.30
  39   -29.13
  40   -29.95
  41   -30.69
  42   -31.40
  43   -32.32
  44   -32.73
  45   -33.20
  46   -33.61
  47   -33.79
  48   -34.44
  49   -34.86
  50   -35.46
  51   -36.12
  52   -36.76
  53   -37.60
  54   -38.13
  55   -38.29
  56   -39.08
  57   -39.60
  58   -39.99
  59   -40.55
  60   -40.52
  61   -41.31
  62   -41.92
  63   -42.25
  64   -42.90
  65   -43.07
  66   -43.61
  67   -43.55
  68   -43.42
  69   -43.29
  70   -43.63
  71   -43.01
  72   -43.59
  73   -43.98
  74   -43.23
  75   -42.92
  76   -42.80
  77   -42.74
  78   -42.57
  79   -43.17
  80   -42.82
  81   -42.39
  82   -42.70
  83   -42.59
  84   -42.41
  85   -42.14
  86   -42.59
  87   -43.29
  88   -43.84
  89   -43.72
  90   -43.49
  91   -43.34
  92   -43.34
  93   -42.87
  94   -41.60
  95   -41.74
  96   -40.80
  97   -40.51
  98   -40.89
  99   -41.36
 100   -41.47
 101   -40.26
 102   -40.74
 103   -41.11
 104   -40.85
 105   -40.02
 106   -39.31
 107   -39.16
 108   -38.78
 109   -38.57
 110   -37.87
 111   -37.82
 112   -38.25
 113   -38.44
 114   -38.42
 115   -38.63
 116   -37.74
 117   -38.31
 118   -38.03
 119   -37.32
 120   -37.15
 121   -37.71
 122   -36.58
 123   -36.01
 124   -35.05
 125   -35.21
 126   -34.84
 127   -33.57
 128   -32.64
 129   -32.21
 130   -30.27
 131   -29.12
 132   -29.24
 133   -25.93
 134   -24.79
 135   -24.23
 136   -23.57
 137   -23.18
 138   -22.53
 139   -20.24
 140   -18.58
 141   -17.99
 142   -15.55
 143   -15.32
 144   -13.92
 145   -12.69
 146    -9.99
 147    -6.56
 148    -3.70
 149     0.46
 150     3.73
 151     7.59
 152     9.12
 153    12.15
 154    15.27
 155    19.60
 156    23.76
 157    25.33
 158    26.51
 159    27.64
 160    31.20
 161    35.16
 162    37.61
 163    40.47
 164    41.83
 165    43.55
 166    46.80
 167    48.25
 168    50.16
 169    52.35
 170    52.77
 171    52.51
 172    53.06
 173    53.80
 174    54.24
 175    54.62
 176    54.78
 177    55.40
 178    56.52
 179    56.05
 180    55.89
 181    56.86
 182    57.66
 183    58.05
 184    59.14
 185    59.52
 186    60.72
 187    60.56
 188    61.19
 189    61.39
 190    61.74
 191    62.18
 192    62.31
 193    61.46
 194    61.58
 195    61.59
 196    61.67
 197    61.57
 198    61.18
 199    60.36
 200    59.79
 201    59.55
 202    59.05
 203    58.44
 204    58.02
 205    57.18
 206    56.44
 207    55.97
 208    55.09
 209    54.34
 210    53.57
 211    53.05
 212    52.35
 213    52.03
 214    51.42
 215    50.67
 216    49.95
 217    49.39
 218    48.60
 219    47.79
 220    47.02
 221    46.12
 222    45.28
 223    44.62
 224    43.84
 225    43.04
 226    42.27
 227    41.58
 228    40.78
 229    39.91
 230    39.09
 231    38.58
 232    37.97
 233    37.41
 234    36.94
 235    36.15
 236    35.83
 237    35.43
 238    35.43
 239    34.91
 240    34.06
 241    33.57
 242    32.85
 243    33.00
 244    32.69
 245    32.17
 246    31.82
 247    31.50
 248    31.08
 249    30.84
 250    30.58
 251    30.04
 252    29.22
 253    28.39
 254    27.68
 255    27.31
 256    27.05
 257    26.30
 258    25.44
 259    24.62
 260    23.99
 261    23.84
 262    23.15
 263    22.64
 264    22.09
 265    22.05
 266    22.89
 267    22.47
 268    21.73
 269    21.84
 270    21.37
 271    21.40
 272    20.82
 273    20.13
 274    20.54
 275    20.85
 276    20.36
 277    20.53
 278    20.42
 279    20.43
 280    21.23
 281    21.54
 282    21.18
 283    21.46
 284    22.15
 285    22.26
 286    22.44
 287    22.94
 288    22.44
 289    21.90
 290    21.60
 291    22.71
 292    22.93
 293    23.39
 294    24.81
 295    25.25
 296    27.13
 297    28.32
 298    28.05
 299    27.93
 300    27.59
 301    27.98
 302    28.33
 303    28.44
 304    28.68
 305    28.90
 306    28.57
 307    27.70
 308    27.73
 309    27.98
 310    27.68
 311    26.99
 312    26.16
 313    26.31
 314    25.72
 315    25.28
 316    25.30
 317    24.71
 318    24.28
 319    25.07
 320    24.23
 321    23.84
 322    23.49
 323    24.63
 324    24.29
 325    23.62
 326    23.74
 327    23.27
 328    22.55
 329    22.19
 330    21.99
 331    21.57
 332    20.77
 333    19.94
 334    19.98
 335    19.89
 336    19.46
 337    18.60
 338    18.41
 339    17.78
 340    18.74
 341    18.08
 342    17.80
 343    17.20
 344    17.00
 345    16.50
 346    15.79
 347    15.14
 348    14.26
 349    13.51
 350    12.70
 351    12.06
 352    12.06
 353    11.18
 354    10.26
 355     9.38
 356     8.47
 357     7.58
 358     6.84
 359     6.32
 360     5.41
 361     4.54
 362     3.63
 363     2.72
 364     1.80
 365     0.88
 366     0.00
