  01    -0.97
  02    -1.94
  03    -2.92
  04    -3.89
  05    -4.85
  06    -5.82
  07    -6.79
  08    -7.76
  09    -8.73
  10    -9.70
  11   -10.67
  12   -11.64
  13   -12.61
  14   -13.58
  15   -14.53
  16   -15.50
  17   -16.47
  18   -17.43
  19   -18.40
  20   -19.37
  21   -20.34
  22   -21.31
  23   -22.29
  24   -23.26
  25   -24.23
  26   -25.19
  27   -26.16
  28   -27.13
  29   -28.10
  30   -29.07
  31   -30.04
  32   -31.01
  33   -31.98
  34   -32.95
  35   -33.84
  36   -34.80
  37   -35.76
  38   -36.70
  39   -37.62
  40   -38.56
  41   -39.53
  42   -40.49
  43   -41.45
  44   -42.41
  45   -43.36
  46   -44.28
  47   -45.16
  48   -46.10
  49   -47.03
  50   -47.88
  51   -48.80
  52   -49.69
  53   -50.60
  54   -51.53
  55   -52.29
  56   -53.15
  57   -54.04
  58   -54.88
  59   -55.66
  60   -56.31
  61   -57.06
  62   -57.94
  63   -58.73
  64   -59.44
  65   -60.08
  66   -60.80
  67   -61.39
  68   -62.20
  69   -62.92
  70   -63.43
  71   -64.15
  72   -64.84
  73   -65.61
  74   -66.43
  75   -67.25
  76   -67.88
  77   -68.45
  78   -69.11
  79   -69.91
  80   -70.31
  81   -71.12
  82   -71.41
  83   -71.92
  84   -72.42
  85   -73.03
  86   -73.76
  87   -74.64
  88   -75.08
  89   -75.55
  90   -76.21
  91   -76.86
  92   -77.45
  93   -78.18
  94   -78.92
  95   -79.50
  96   -80.02
  97   -80.42
  98   -80.29
  99   -80.37
 100   -80.15
 101   -80.28
 102   -80.65
 103   -80.97
 104   -81.44
 105   -81.64
 106   -82.12
 107   -82.32
 108   -82.83
 109   -83.20
 110   -83.37
 111   -83.62
 112   -84.35
 113   -85.05
 114   -85.92
 115   -86.31
 116   -87.01
 117   -87.76
 118   -87.90
 119   -88.05
 120   -88.63
 121   -89.10
 122   -89.67
 123   -90.23
 124   -90.49
 125   -91.01
 126   -91.28
 127   -91.35
 128   -91.88
 129   -92.18
 130   -92.36
 131   -92.05
 132   -92.25
 133   -92.70
 134   -93.36
 135   -93.83
 136   -93.60
 137   -92.03
 138   -91.97
 139   -91.27
 140   -90.28
 141   -90.14
 142   -90.35
 143   -89.74
 144   -90.07
 145   -89.34
 146   -89.32
 147   -89.23
 148   -86.28
 149   -85.97
 150   -84.88
 151   -83.44
 152   -82.15
 153   -81.09
 154   -80.69
 155   -80.73
 156   -80.01
 157   -79.92
 158   -79.09
 159   -78.19
 160   -77.88
 161   -77.32
 162   -75.68
 163   -75.11
 164   -74.47
 165   -74.20
 166   -74.38
 167   -73.40
 168   -73.22
 169   -72.42
 170   -71.70
 171   -70.68
 172   -69.29
 173   -68.03
 174   -66.75
 175   -66.59
 176   -65.93
 177   -65.82
 178   -65.70
 179   -65.32
 180   -65.06
 181   -63.33
 182   -62.19
 183   -61.15
 184   -60.26
 185   -59.76
 186   -58.43
 187   -57.98
 188   -56.80
 189   -55.19
 190   -54.23
 191   -51.82
 192   -51.46
 193   -50.79
 194   -49.97
 195   -47.51
 196   -45.18
 197   -42.71
 198   -41.43
 199   -40.19
 200   -39.27
 201   -38.43
 202   -36.38
 203   -33.26
 204   -31.50
 205   -30.32
 206   -29.27
 207   -26.21
 208   -24.73
 209   -22.72
 210   -20.08
 211   -19.06
 212   -18.32
 213   -14.30
 214   -13.66
 215   -10.73
 216    -9.39
 217    -7.26
 218    -5.81
 219    -5.40
 220    -4.00
 221    -3.27
 222    -1.67
 223     0.53
 224     2.29
 225     3.92
 226     4.50
 227     4.76
 228     5.21
 229     6.33
 230     7.57
 231     8.09
 232     9.92
 233    11.93
 234    11.97
 235    12.63
 236    12.92
 237    15.38
 238    16.06
 239    17.34
 240    18.03
 241    19.01
 242    20.47
 243    22.54
 244    23.72
 245    23.88
 246    24.61
 247    25.07
 248    25.02
 249    25.75
 250    26.28
 251    27.14
 252    27.71
 253    28.83
 254    29.56
 255    30.22
 256    30.03
 257    31.69
 258    31.63
 259    32.19
 260    32.98
 261    33.46
 262    33.41
 263    33.28
 264    33.01
 265    33.81
 266    34.17
 267    35.16
 268    35.60
 269    35.60
 270    36.16
 271    37.42
 272    39.45
 273    40.61
 274    41.02
 275    41.62
 276    42.21
 277    44.39
 278    46.92
 279    46.83
 280    47.55
 281    47.98
 282    49.16
 283    50.15
 284    51.05
 285    51.74
 286    51.58
 287    51.17
 288    51.10
 289    51.33
 290    51.73
 291    52.41
 292    52.34
 293    52.47
 294    52.75
 295    53.30
 296    54.38
 297    55.12
 298    54.86
 299    55.28
 300    55.67
 301    55.56
 302    55.22
 303    55.56
 304    55.58
 305    55.22
 306    54.37
 307    53.83
 308    53.43
 309    52.89
 310    52.14
 311    51.41
 312    50.59
 313    49.88
 314    49.02
 315    48.13
 316    47.37
 317    46.75
 318    45.86
 319    44.96
 320    44.14
 321    43.36
 322    42.46
 323    41.51
 324    40.54
 325    39.59
 326    38.64
 327    37.70
 328    36.76
 329    35.81
 330    34.85
 331    33.89
 332    32.93
 333    31.96
 334    31.00
 335    30.03
 336    29.09
 337    28.14
 338    27.17
 339    26.20
 340    25.24
 341    24.28
 342    23.32
 343    22.35
 344    21.38
 345    20.41
 346    19.43
 347    18.46
 348    17.49
 349    16.52
 350    15.55
 351    14.58
 352    13.60
 353    12.63
 354    11.66
 355    10.69
 356     9.72
 357     8.74
 358     7.77
 359     6.80
 360     5.83
 361     4.86
 362     3.89
 363     2.92
 364     1.95
 365     0.97
 366     0.00
