  01    -1.26
  02    -1.42
  03    -2.73
  04    -4.08
  05    -5.43
  06    -6.77
  07    -7.91
  08    -9.26
  09   -10.38
  10   -11.47
  11   -12.69
  12   -13.61
  13   -14.75
  14   -16.03
  15   -17.38
  16   -18.50
  17   -19.85
  18   -21.10
  19   -22.45
  20   -23.74
  21   -25.09
  22   -26.04
  23   -27.32
  24   -28.54
  25   -29.89
  26   -31.23
  27   -32.56
  28   -33.83
  29   -35.14
  30   -35.93
  31   -36.77
  32   -37.75
  33   -38.69
  34   -39.81
  35   -40.53
  36   -41.17
  37   -42.48
  38   -43.79
  39   -43.93
  40   -44.95
  41   -45.48
  42   -46.36
  43   -46.27
  44   -46.62
  45   -47.45
  46   -47.52
  47   -48.47
  48   -49.44
  49   -49.33
  50   -49.36
  51   -49.55
  52   -49.93
  53   -50.37
  54   -50.69
  55   -51.64
  56   -52.30
  57   -52.15
  58   -52.05
  59   -51.98
  60   -52.44
  61   -53.13
  62   -53.73
  63   -54.15
  64   -53.86
  65   -54.92
  66   -56.10
  67   -56.11
  68   -55.42
  69   -55.42
  70   -54.52
  71   -54.36
  72   -54.31
  73   -55.39
  74   -55.52
  75   -55.28
  76   -55.47
  77   -56.16
  78   -56.21
  79   -55.64
  80   -55.48
  81   -54.56
  82   -53.33
  83   -51.56
  84   -51.25
  85   -52.04
  86   -51.54
  87   -51.93
  88   -51.86
  89   -51.85
  90   -52.04
  91   -52.27
  92   -51.98
  93   -51.66
  94   -50.54
  95   -51.21
  96   -50.87
  97   -50.16
  98   -50.69
  99   -50.06
 100   -48.02
 101   -47.43
 102   -47.02
 103   -43.93
 104   -44.68
 105   -44.66
 106   -44.48
 107   -43.53
 108   -44.09
 109   -42.72
 110   -42.76
 111   -43.03
 112   -43.46
 113   -42.88
 114   -42.96
 115   -42.33
 116   -42.34
 117   -42.26
 118   -42.46
 119   -42.46
 120   -42.56
 121   -41.81
 122   -40.93
 123   -40.58
 124   -41.10
 125   -41.23
 126   -40.00
 127   -40.62
 128   -40.39
 129   -40.05
 130   -38.29
 131   -38.70
 132   -39.07
 133   -39.24
 134   -37.92
 135   -37.21
 136   -36.75
 137   -34.74
 138   -33.62
 139   -32.05
 140   -31.88
 141   -31.16
 142   -31.49
 143   -30.27
 144   -30.11
 145   -28.85
 146   -28.47
 147   -27.53
 148   -25.98
 149   -22.97
 150   -22.21
 151   -21.62
 152   -20.63
 153   -19.51
 154   -17.76
 155   -16.85
 156   -16.97
 157   -15.74
 158   -13.33
 159   -10.73
 160    -6.61
 161    -5.60
 162    -4.70
 163    -4.43
 164    -2.63
 165    -0.41
 166     0.13
 167     2.60
 168     3.17
 169     3.28
 170     6.27
 171     8.27
 172     9.82
 173    11.64
 174    12.76
 175    12.76
 176    14.45
 177    17.62
 178    18.05
 179    18.30
 180    19.73
 181    21.17
 182    22.42
 183    22.58
 184    22.39
 185    23.05
 186    22.94
 187    22.47
 188    22.91
 189    22.56
 190    22.74
 191    24.40
 192    24.41
 193    25.10
 194    25.60
 195    25.75
 196    25.26
 197    25.25
 198    25.85
 199    25.73
 200    25.76
 201    25.53
 202    24.87
 203    24.50
 204    23.36
 205    24.23
 206    24.42
 207    24.17
 208    23.28
 209    22.49
 210    22.04
 211    22.33
 212    21.62
 213    22.34
 214    22.06
 215    21.13
 216    20.64
 217    19.93
 218    21.46
 219    20.42
 220    19.96
 221    19.26
 222    19.32
 223    19.11
 224    18.17
 225    19.19
 226    18.65
 227    17.79
 228    17.16
 229    16.12
 230    15.48
 231    14.66
 232    13.70
 233    13.33
 234    13.08
 235    13.22
 236    13.75
 237    13.02
 238    12.57
 239    12.56
 240    12.06
 241    12.38
 242    12.02
 243    11.98
 244    11.83
 245    10.94
 246    10.10
 247     9.71
 248    11.31
 249    13.93
 250    14.42
 251    14.00
 252    14.58
 253    14.34
 254    16.24
 255    17.88
 256    18.46
 257    18.10
 258    18.16
 259    20.41
 260    21.56
 261    22.03
 262    22.15
 263    22.97
 264    22.75
 265    24.18
 266    24.97
 267    25.51
 268    26.90
 269    27.72
 270    29.29
 271    29.29
 272    29.25
 273    31.37
 274    31.80
 275    31.71
 276    32.94
 277    33.12
 278    34.26
 279    35.27
 280    35.24
 281    37.68
 282    37.84
 283    39.07
 284    40.49
 285    40.90
 286    40.49
 287    41.10
 288    41.86
 289    42.37
 290    43.37
 291    44.11
 292    44.34
 293    45.44
 294    46.16
 295    46.30
 296    46.51
 297    46.99
 298    48.06
 299    47.48
 300    47.94
 301    48.09
 302    48.56
 303    48.56
 304    48.52
 305    48.65
 306    48.33
 307    48.39
 308    47.84
 309    47.68
 310    47.28
 311    47.51
 312    46.94
 313    46.21
 314    46.56
 315    46.48
 316    45.37
 317    44.44
 318    43.46
 319    42.66
 320    41.72
 321    41.49
 322    41.44
 323    41.15
 324    42.65
 325    41.86
 326    41.16
 327    40.55
 328    39.47
 329    38.62
 330    37.51
 331    36.41
 332    35.49
 333    34.16
 334    32.89
 335    32.41
 336    31.46
 337    30.22
 338    28.95
 339    27.77
 340    27.12
 341    25.97
 342    25.16
 343    24.15
 344    23.21
 345    21.96
 346    20.71
 347    19.50
 348    18.17
 349    17.74
 350    16.55
 351    15.37
 352    14.07
 353    12.73
 354    11.43
 355    10.32
 356     9.11
 357     9.49
 358     8.16
 359     6.91
 360     5.64
 361     4.33
 362     3.05
 363     2.11
 364     0.84
 365    -0.51
 366    -0.00
