  01    -1.01
  02    -2.02
  03    -3.03
  04    -4.04
  05    -5.06
  06    -6.07
  07    -7.08
  08    -8.09
  09    -9.10
  10   -10.11
  11   -11.12
  12   -12.13
  13   -13.13
  14   -14.14
  15   -15.14
  16   -16.15
  17   -17.16
  18   -18.17
  19   -19.18
  20   -20.18
  21   -21.19
  22   -22.19
  23   -23.20
  24   -24.20
  25   -25.20
  26   -26.20
  27   -27.20
  28   -28.20
  29   -29.20
  30   -30.21
  31   -31.21
  32   -32.21
  33   -33.21
  34   -34.12
  35   -35.09
  36   -36.09
  37   -37.03
  38   -38.02
  39   -39.01
  40   -40.01
  41   -40.98
  42   -41.76
  43   -42.71
  44   -43.70
  45   -44.70
  46   -45.67
  47   -46.51
  48   -47.49
  49   -48.45
  50   -49.32
  51   -50.27
  52   -51.26
  53   -52.27
  54   -53.11
  55   -53.98
  56   -54.72
  57   -55.53
  58   -56.41
  59   -57.31
  60   -57.88
  61   -58.58
  62   -59.33
  63   -59.47
  64   -60.23
  65   -61.01
  66   -61.84
  67   -62.66
  68   -63.37
  69   -64.07
  70   -64.69
  71   -65.33
  72   -65.86
  73   -66.64
  74   -67.52
  75   -68.37
  76   -68.87
  77   -69.48
  78   -70.25
  79   -70.98
  80   -71.58
  81   -72.02
  82   -72.40
  83   -73.09
  84   -73.63
  85   -74.29
  86   -74.73
  87   -75.17
  88   -75.43
  89   -75.72
  90   -75.94
  91   -76.51
  92   -77.05
  93   -77.02
  94   -77.80
  95   -78.42
  96   -79.01
  97   -79.53
  98   -79.79
  99   -79.98
 100   -80.40
 101   -80.29
 102   -80.68
 103   -80.92
 104   -81.07
 105   -81.04
 106   -81.34
 107   -81.69
 108   -81.67
 109   -81.60
 110   -81.69
 111   -81.75
 112   -81.87
 113   -82.05
 114   -82.06
 115   -81.97
 116   -82.09
 117   -82.67
 118   -82.71
 119   -83.16
 120   -83.61
 121   -84.41
 122   -84.40
 123   -84.43
 124   -84.47
 125   -84.52
 126   -85.13
 127   -85.57
 128   -86.05
 129   -86.65
 130   -86.72
 131   -86.48
 132   -86.72
 133   -86.67
 134   -86.23
 135   -85.79
 136   -85.07
 137   -84.21
 138   -84.15
 139   -84.16
 140   -84.04
 141   -83.09
 142   -83.26
 143   -83.43
 144   -83.59
 145   -83.19
 146   -83.00
 147   -82.45
 148   -81.86
 149   -81.62
 150   -81.08
 151   -79.25
 152   -77.45
 153   -77.90
 154   -75.91
 155   -75.82
 156   -75.53
 157   -75.30
 158   -75.00
 159   -74.48
 160   -73.88
 161   -73.22
 162   -70.72
 163   -69.98
 164   -69.76
 165   -67.18
 166   -67.24
 167   -67.26
 168   -66.78
 169   -66.47
 170   -64.65
 171   -64.39
 172   -62.65
 173   -61.80
 174   -61.51
 175   -61.27
 176   -61.30
 177   -61.11
 178   -61.12
 179   -60.37
 180   -59.63
 181   -58.46
 182   -57.20
 183   -57.20
 184   -57.00
 185   -56.41
 186   -54.70
 187   -54.73
 188   -54.14
 189   -52.72
 190   -51.84
 191   -49.44
 192   -49.28
 193   -49.13
 194   -48.62
 195   -47.73
 196   -44.44
 197   -42.61
 198   -42.43
 199   -41.25
 200   -41.38
 201   -41.16
 202   -39.89
 203   -37.60
 204   -36.17
 205   -36.63
 206   -36.32
 207   -35.89
 208   -35.78
 209   -34.54
 210   -33.27
 211   -31.27
 212   -30.44
 213   -30.54
 214   -27.00
 215   -26.65
 216   -24.95
 217   -24.74
 218   -24.16
 219   -24.11
 220   -23.03
 221   -22.75
 222   -22.15
 223   -20.90
 224   -20.51
 225   -20.39
 226   -20.55
 227   -20.60
 228   -20.24
 229   -18.99
 230   -17.81
 231   -17.40
 232   -15.19
 233   -13.30
 234   -12.17
 235   -11.62
 236    -9.30
 237    -8.17
 238    -8.26
 239    -7.62
 240    -8.03
 241    -8.15
 242    -6.50
 243    -6.56
 244    -5.71
 245    -4.84
 246    -4.71
 247    -4.88
 248    -4.43
 249    -3.58
 250    -2.01
 251     0.88
 252     1.03
 253     1.98
 254     2.35
 255     4.15
 256     5.76
 257     6.57
 258     6.40
 259     7.76
 260     9.10
 261    10.01
 262    10.25
 263    11.65
 264    12.37
 265    14.34
 266    15.24
 267    17.40
 268    18.31
 269    20.25
 270    22.70
 271    23.58
 272    27.34
 273    28.52
 274    29.65
 275    32.50
 276    33.63
 277    34.77
 278    35.20
 279    35.53
 280    36.21
 281    37.33
 282    39.99
 283    42.07
 284    43.15
 285    44.23
 286    45.05
 287    46.62
 288    48.21
 289    50.51
 290    51.11
 291    52.54
 292    53.01
 293    53.05
 294    53.26
 295    54.16
 296    55.33
 297    55.78
 298    55.69
 299    55.67
 300    56.27
 301    56.29
 302    56.25
 303    56.40
 304    56.10
 305    55.61
 306    55.52
 307    55.19
 308    55.11
 309    54.54
 310    53.88
 311    53.41
 312    52.71
 313    52.09
 314    51.49
 315    50.55
 316    49.84
 317    49.18
 318    48.26
 319    47.29
 320    46.38
 321    45.47
 322    44.46
 323    43.45
 324    42.45
 325    41.44
 326    40.43
 327    39.42
 328    38.41
 329    37.40
 330    36.38
 331    35.37
 332    34.36
 333    33.35
 334    32.34
 335    31.33
 336    30.32
 337    29.32
 338    28.31
 339    27.30
 340    26.28
 341    25.27
 342    24.26
 343    23.25
 344    22.24
 345    21.23
 346    20.22
 347    19.21
 348    18.19
 349    17.19
 350    16.17
 351    15.16
 352    14.15
 353    13.14
 354    12.13
 355    11.12
 356    10.11
 357     9.10
 358     8.08
 359     7.07
 360     6.07
 361     5.06
 362     4.04
 363     3.03
 364     2.02
 365     1.01
 366    -0.00
