  01    -1.34
  02    -2.63
  03    -4.05
  04    -5.51
  05    -6.76
  06    -8.22
  07    -9.40
  08   -10.73
  09   -11.98
  10   -12.79
  11   -14.11
  12   -15.56
  13   -17.02
  14   -17.76
  15   -19.12
  16   -20.58
  17   -22.01
  18   -23.41
  19   -24.71
  20   -25.54
  21   -25.79
  22   -26.81
  23   -28.01
  24   -29.47
  25   -30.82
  26   -31.95
  27   -33.31
  28   -34.58
  29   -35.41
  30   -36.60
  31   -37.90
  32   -39.17
  33   -39.94
  34   -40.98
  35   -42.37
  36   -43.74
  37   -43.54
  38   -44.47
  39   -45.74
  40   -45.99
  41   -47.18
  42   -47.63
  43   -48.47
  44   -49.91
  45   -50.58
  46   -50.31
  47   -51.62
  48   -51.68
  49   -52.71
  50   -53.42
  51   -54.32
  52   -55.24
  53   -56.40
  54   -57.23
  55   -57.87
  56   -57.78
  57   -57.75
  58   -58.41
  59   -57.78
  60   -57.78
  61   -58.15
  62   -57.54
  63   -57.49
  64   -58.35
  65   -58.23
  66   -59.10
  67   -57.52
  68   -57.09
  69   -56.12
  70   -56.38
  71   -55.68
  72   -54.91
  73   -55.33
  74   -53.95
  75   -54.34
  76   -54.55
  77   -54.16
  78   -54.29
  79   -55.29
  80   -54.48
  81   -53.17
  82   -53.84
  83   -54.34
  84   -55.06
  85   -54.39
  86   -54.50
  87   -55.21
  88   -55.21
  89   -55.61
  90   -56.20
  91   -54.95
  92   -54.13
  93   -54.27
  94   -53.16
  95   -52.41
  96   -53.40
  97   -52.33
  98   -51.46
  99   -51.26
 100   -51.64
 101   -51.54
 102   -50.83
 103   -49.31
 104   -49.79
 105   -49.30
 106   -48.62
 107   -48.10
 108   -46.69
 109   -47.27
 110   -46.87
 111   -47.87
 112   -45.08
 113   -43.98
 114   -44.39
 115   -44.81
 116   -43.37
 117   -42.60
 118   -42.12
 119   -41.80
 120   -41.47
 121   -40.59
 122   -41.04
 123   -40.67
 124   -40.16
 125   -38.77
 126   -37.66
 127   -37.29
 128   -37.48
 129   -37.46
 130   -35.53
 131   -34.79
 132   -34.96
 133   -34.49
 134   -34.57
 135   -33.78
 136   -33.65
 137   -32.44
 138   -31.82
 139   -30.12
 140   -29.94
 141   -27.81
 142   -25.60
 143   -24.92
 144   -23.32
 145   -22.50
 146   -20.57
 147   -19.68
 148   -18.50
 149   -17.95
 150   -16.12
 151   -16.37
 152   -15.53
 153   -14.19
 154   -12.69
 155    -9.36
 156    -8.11
 157    -7.30
 158    -6.74
 159    -5.47
 160    -4.10
 161    -3.43
 162    -1.02
 163     0.06
 164     1.11
 165     1.84
 166     2.40
 167     3.45
 168     3.97
 169     4.99
 170     7.29
 171     7.99
 172     8.35
 173     8.48
 174     9.94
 175    10.32
 176    11.88
 177    13.42
 178    14.85
 179    16.64
 180    18.94
 181    20.99
 182    21.46
 183    24.97
 184    26.66
 185    28.14
 186    29.38
 187    28.80
 188    28.94
 189    28.83
 190    28.57
 191    28.39
 192    28.07
 193    27.77
 194    27.22
 195    28.33
 196    29.30
 197    30.72
 198    29.76
 199    29.06
 200    28.75
 201    28.57
 202    27.73
 203    27.81
 204    27.54
 205    27.27
 206    26.82
 207    25.98
 208    25.62
 209    24.54
 210    23.81
 211    24.30
 212    23.51
 213    23.07
 214    23.21
 215    22.08
 216    22.25
 217    22.20
 218    21.53
 219    20.78
 220    19.71
 221    18.80
 222    17.69
 223    17.92
 224    17.09
 225    16.09
 226    15.64
 227    14.55
 228    13.84
 229    13.10
 230    12.05
 231    12.23
 232    12.13
 233    11.64
 234    11.93
 235    11.27
 236    10.55
 237    10.20
 238     9.86
 239     9.50
 240     9.46
 241     9.70
 242     8.77
 243     8.61
 244     8.38
 245     7.99
 246     7.25
 247     6.85
 248     6.50
 249     6.25
 250     6.49
 251     7.00
 252     6.86
 253     5.99
 254     5.99
 255     6.65
 256     6.00
 257     5.69
 258     5.32
 259     4.80
 260     5.51
 261     7.45
 262     6.91
 263     7.42
 264     8.51
 265     8.88
 266     9.85
 267    11.59
 268    12.34
 269    12.84
 270    14.79
 271    15.76
 272    17.68
 273    18.62
 274    18.98
 275    18.95
 276    20.17
 277    20.58
 278    21.13
 279    22.49
 280    24.35
 281    26.55
 282    27.73
 283    27.99
 284    29.65
 285    30.90
 286    32.10
 287    33.44
 288    33.29
 289    33.52
 290    35.29
 291    36.82
 292    38.05
 293    38.21
 294    38.22
 295    38.06
 296    39.56
 297    39.61
 298    39.83
 299    40.08
 300    40.53
 301    41.38
 302    41.46
 303    42.45
 304    42.50
 305    44.02
 306    43.91
 307    43.14
 308    43.56
 309    43.96
 310    44.00
 311    43.87
 312    43.49
 313    43.16
 314    42.61
 315    41.81
 316    41.55
 317    41.48
 318    41.92
 319    41.55
 320    40.70
 321    39.88
 322    39.57
 323    39.10
 324    39.09
 325    39.10
 326    38.60
 327    38.68
 328    37.77
 329    36.72
 330    36.75
 331    36.74
 332    36.27
 333    35.24
 334    34.40
 335    33.52
 336    33.89
 337    33.12
 338    31.85
 339    31.35
 340    29.99
 341    29.02
 342    27.85
 343    26.69
 344    25.68
 345    25.28
 346    24.29
 347    23.45
 348    22.38
 349    21.02
 350    19.95
 351    19.61
 352    18.23
 353    16.84
 354    16.08
 355    14.70
 356    13.26
 357    12.34
 358    10.93
 359     9.64
 360     8.18
 361     6.73
 362     5.70
 363     4.24
 364     2.91
 365     1.46
 366     0.00
