  01    -1.21
  02    -2.42
  03    -3.63
  04    -4.84
  05    -6.03
  06    -7.24
  07    -8.46
  08    -9.29
  09   -10.50
  10   -11.71
  11   -12.92
  12   -13.85
  13   -15.06
  14   -16.26
  15   -17.14
  16   -18.36
  17   -19.50
  18   -20.39
  19   -21.56
  20   -22.65
  21   -23.69
  22   -24.90
  23   -26.11
  24   -27.32
  25   -28.52
  26   -29.38
  27   -30.55
  28   -31.49
  29   -32.11
  30   -33.32
  31   -34.16
  32   -35.18
  33   -34.73
  34   -35.67
  35   -36.74
  36   -37.85
  37   -39.02
  38   -40.20
  39   -41.37
  40   -42.10
  41   -43.24
  42   -44.19
  43   -45.18
  44   -45.99
  45   -47.04
  46   -48.17
  47   -48.08
  48   -48.81
  49   -49.66
  50   -50.63
  51   -51.36
  52   -51.72
  53   -52.85
  54   -53.30
  55   -53.82
  56   -53.65
  57   -52.55
  58   -53.44
  59   -52.47
  60   -51.85
  61   -52.52
  62   -53.17
  63   -53.84
  64   -54.60
  65   -55.67
  66   -56.26
  67   -56.29
  68   -55.73
  69   -56.23
  70   -56.43
  71   -57.22
  72   -58.14
  73   -58.12
  74   -57.83
  75   -56.81
  76   -56.08
  77   -56.42
  78   -56.54
  79   -56.62
  80   -56.55
  81   -55.92
  82   -55.74
  83   -55.75
  84   -55.31
  85   -54.00
  86   -54.62
  87   -55.11
  88   -54.50
  89   -54.82
  90   -53.86
  91   -53.93
  92   -52.95
  93   -53.38
  94   -52.58
  95   -51.06
  96   -50.45
  97   -49.38
  98   -48.48
  99   -48.46
 100   -48.29
 101   -48.46
 102   -46.57
 103   -45.08
 104   -45.19
 105   -44.04
 106   -43.21
 107   -41.35
 108   -39.75
 109   -38.53
 110   -38.51
 111   -38.55
 112   -37.85
 113   -35.70
 114   -35.69
 115   -34.83
 116   -34.41
 117   -33.91
 118   -33.21
 119   -33.12
 120   -32.21
 121   -32.16
 122   -31.96
 123   -30.23
 124   -28.68
 125   -28.68
 126   -27.85
 127   -27.45
 128   -27.33
 129   -27.05
 130   -26.25
 131   -24.65
 132   -24.68
 133   -25.32
 134   -24.18
 135   -24.64
 136   -23.72
 137   -23.19
 138   -22.58
 139   -19.94
 140   -17.74
 141   -18.04
 142   -17.32
 143   -17.40
 144   -16.43
 145   -15.21
 146   -14.18
 147   -13.90
 148   -13.25
 149   -13.03
 150   -12.52
 151   -10.67
 152    -9.52
 153    -8.15
 154    -7.38
 155    -6.12
 156    -5.23
 157    -4.45
 158    -3.04
 159    -1.70
 160     1.84
 161     1.94
 162     2.30
 163     2.50
 164     3.40
 165     4.56
 166     5.42
 167     6.06
 168     6.68
 169     7.80
 170     8.45
 171    10.11
 172     9.76
 173    10.60
 174    14.71
 175    15.04
 176    16.15
 177    16.90
 178    17.79
 179    19.38
 180    20.54
 181    21.91
 182    21.43
 183    21.40
 184    22.58
 185    22.83
 186    22.99
 187    23.97
 188    23.89
 189    24.11
 190    24.38
 191    25.44
 192    24.93
 193    24.79
 194    24.17
 195    25.05
 196    25.56
 197    25.14
 198    25.18
 199    24.31
 200    23.77
 201    23.53
 202    22.98
 203    22.77
 204    22.30
 205    21.52
 206    21.32
 207    20.42
 208    19.40
 209    18.85
 210    17.96
 211    17.99
 212    17.07
 213    16.50
 214    16.48
 215    15.70
 216    14.75
 217    14.05
 218    12.93
 219    11.76
 220    11.90
 221    10.94
 222    10.09
 223     9.46
 224     8.57
 225     7.74
 226     8.23
 227     7.46
 228     7.10
 229     6.57
 230     5.92
 231     5.78
 232     4.62
 233     3.97
 234     4.04
 235     3.71
 236     3.58
 237     3.08
 238     3.20
 239     2.39
 240     1.63
 241     1.73
 242     1.29
 243     1.40
 244     1.18
 245     1.86
 246     1.54
 247     1.98
 248     1.89
 249     1.72
 250     1.83
 251     2.26
 252     2.87
 253     3.40
 254     3.77
 255     5.35
 256     6.03
 257     7.73
 258     7.20
 259     7.78
 260     7.46
 261    10.89
 262    10.47
 263    11.57
 264    13.34
 265    14.62
 266    16.47
 267    19.46
 268    21.03
 269    21.73
 270    22.14
 271    22.68
 272    22.90
 273    24.91
 274    24.47
 275    25.94
 276    28.17
 277    29.73
 278    31.01
 279    31.72
 280    34.29
 281    35.16
 282    35.40
 283    36.79
 284    39.16
 285    40.07
 286    40.71
 287    41.08
 288    42.12
 289    42.38
 290    42.52
 291    44.96
 292    45.44
 293    45.45
 294    45.80
 295    47.50
 296    50.22
 297    50.90
 298    51.10
 299    52.06
 300    51.83
 301    51.45
 302    51.39
 303    51.45
 304    50.97
 305    50.87
 306    51.34
 307    50.71
 308    50.54
 309    50.22
 310    50.43
 311    49.84
 312    50.20
 313    49.58
 314    49.63
 315    49.36
 316    48.33
 317    47.59
 318    47.12
 319    46.57
 320    45.42
 321    44.68
 322    43.67
 323    43.00
 324    42.13
 325    41.36
 326    40.55
 327    39.64
 328    38.92
 329    38.59
 330    38.37
 331    37.29
 332    36.66
 333    35.60
 334    34.50
 335    33.80
 336    32.79
 337    32.24
 338    31.20
 339    29.99
 340    28.82
 341    27.74
 342    26.79
 343    25.60
 344    24.75
 345    23.66
 346    22.72
 347    21.79
 348    20.66
 349    19.50
 350    18.29
 351    17.14
 352    16.19
 353    15.21
 354    14.06
 355    12.87
 356    11.67
 357    10.46
 358     9.25
 359     8.26
 360     7.07
 361     5.86
 362     4.65
 363     3.43
 364     2.27
 365     1.21
 366     0.00
