  01    -0.92
  02    -1.84
  03    -2.77
  04    -3.69
  05    -4.61
  06    -5.53
  07    -6.45
  08    -7.38
  09    -8.30
  10    -9.22
  11   -10.14
  12   -11.06
  13   -11.98
  14   -12.91
  15   -13.83
  16   -14.75
  17   -15.67
  18   -16.59
  19   -17.52
  20   -18.44
  21   -19.36
  22   -20.28
  23   -21.20
  24   -22.13
  25   -23.05
  26   -23.97
  27   -24.89
  28   -25.81
  29   -26.74
  30   -27.66
  31   -28.58
  32   -29.50
  33   -30.42
  34   -31.34
  35   -32.26
  36   -33.15
  37   -34.05
  38   -34.97
  39   -35.89
  40   -36.79
  41   -37.71
  42   -38.55
  43   -39.42
  44   -40.21
  45   -41.13
  46   -42.03
  47   -42.86
  48   -43.78
  49   -44.70
  50   -45.61
  51   -46.45
  52   -47.36
  53   -48.27
  54   -49.13
  55   -49.99
  56   -50.85
  57   -51.77
  58   -52.67
  59   -53.56
  60   -54.38
  61   -55.08
  62   -55.96
  63   -56.63
  64   -57.42
  65   -58.26
  66   -59.05
  67   -59.90
  68   -60.69
  69   -61.56
  70   -62.35
  71   -62.98
  72   -63.64
  73   -64.49
  74   -65.25
  75   -66.08
  76   -66.76
  77   -67.52
  78   -68.41
  79   -69.17
  80   -69.98
  81   -70.65
  82   -71.23
  83   -72.00
  84   -72.71
  85   -73.47
  86   -73.96
  87   -74.62
  88   -75.12
  89   -75.68
  90   -76.24
  91   -77.03
  92   -77.75
  93   -78.49
  94   -79.17
  95   -79.80
  96   -80.52
  97   -81.06
  98   -81.59
  99   -82.13
 100   -82.69
 101   -83.05
 102   -83.72
 103   -84.13
 104   -84.56
 105   -85.04
 106   -85.31
 107   -85.76
 108   -86.29
 109   -86.73
 110   -86.96
 111   -86.98
 112   -87.37
 113   -87.77
 114   -87.70
 115   -87.98
 116   -88.15
 117   -88.26
 118   -88.69
 119   -89.02
 120   -89.19
 121   -89.54
 122   -89.57
 123   -89.72
 124   -89.89
 125   -90.07
 126   -89.62
 127   -89.30
 128   -89.81
 129   -90.14
 130   -89.59
 131   -89.51
 132   -89.47
 133   -89.68
 134   -89.88
 135   -89.73
 136   -89.39
 137   -89.27
 138   -89.15
 139   -87.91
 140   -87.27
 141   -83.05
 142   -82.35
 143   -81.55
 144   -81.06
 145   -80.44
 146   -80.09
 147   -79.29
 148   -78.66
 149   -78.69
 150   -78.01
 151   -76.82
 152   -73.20
 153   -72.00
 154   -71.66
 155   -71.20
 156   -70.34
 157   -69.68
 158   -69.13
 159   -69.25
 160   -68.44
 161   -68.03
 162   -67.53
 163   -67.56
 164   -67.18
 165   -66.65
 166   -66.63
 167   -66.09
 168   -65.62
 169   -64.37
 170   -64.03
 171   -64.15
 172   -63.49
 173   -62.79
 174   -62.81
 175   -60.39
 176   -58.95
 177   -57.89
 178   -57.88
 179   -57.89
 180   -57.52
 181   -57.00
 182   -55.73
 183   -55.45
 184   -54.89
 185   -54.02
 186   -52.37
 187   -51.30
 188   -50.69
 189   -50.08
 190   -49.99
 191   -47.63
 192   -46.83
 193   -46.32
 194   -46.08
 195   -44.65
 196   -43.18
 197   -42.78
 198   -43.06
 199   -42.90
 200   -42.59
 201   -41.47
 202   -41.48
 203   -40.23
 204   -39.22
 205   -38.57
 206   -37.78
 207   -37.70
 208   -37.61
 209   -37.12
 210   -35.74
 211   -35.47
 212   -35.09
 213   -34.44
 214   -33.73
 215   -32.04
 216   -30.97
 217   -31.19
 218   -30.57
 219   -29.44
 220   -29.27
 221   -28.74
 222   -28.43
 223   -28.01
 224   -26.90
 225   -26.68
 226   -26.08
 227   -25.00
 228   -24.19
 229   -20.85
 230   -19.25
 231   -18.42
 232   -18.48
 233   -17.24
 234   -16.81
 235   -16.61
 236   -16.42
 237   -15.20
 238   -14.22
 239   -13.60
 240   -13.80
 241   -13.99
 242   -14.17
 243   -13.94
 244   -12.83
 245    -9.52
 246    -9.05
 247    -8.91
 248    -5.28
 249    -2.00
 250    -0.17
 251     0.53
 252     0.63
 253     2.23
 254     2.53
 255     5.10
 256     5.61
 257     6.91
 258     7.19
 259     9.65
 260    13.04
 261    14.06
 262    14.31
 263    14.84
 264    16.23
 265    18.52
 266    19.55
 267    20.47
 268    21.90
 269    23.96
 270    25.65
 271    28.18
 272    29.85
 273    31.97
 274    34.64
 275    36.16
 276    38.22
 277    40.17
 278    40.62
 279    41.00
 280    41.85
 281    43.13
 282    43.95
 283    44.67
 284    45.54
 285    46.83
 286    47.27
 287    48.12
 288    49.48
 289    50.67
 290    50.78
 291    51.09
 292    51.85
 293    51.99
 294    53.06
 295    53.18
 296    53.48
 297    53.64
 298    53.26
 299    54.30
 300    54.71
 301    54.74
 302    54.41
 303    53.69
 304    53.08
 305    52.47
 306    52.05
 307    51.48
 308    51.10
 309    50.63
 310    50.10
 311    49.35
 312    48.52
 313    47.82
 314    47.01
 315    46.23
 316    45.56
 317    44.82
 318    44.14
 319    43.24
 320    42.34
 321    41.47
 322    40.55
 323    39.64
 324    38.72
 325    37.80
 326    36.88
 327    35.96
 328    35.04
 329    34.12
 330    33.19
 331    32.27
 332    31.35
 333    30.43
 334    29.51
 335    28.59
 336    27.66
 337    26.74
 338    25.82
 339    24.90
 340    23.98
 341    23.05
 342    22.13
 343    21.21
 344    20.29
 345    19.37
 346    18.44
 347    17.52
 348    16.60
 349    15.68
 350    14.76
 351    13.83
 352    12.91
 353    11.99
 354    11.07
 355    10.15
 356     9.22
 357     8.30
 358     7.38
 359     6.46
 360     5.54
 361     4.61
 362     3.69
 363     2.77
 364     1.85
 365     0.93
 366     0.00
