  01    -1.22
  02    -2.44
  03    -3.62
  04    -4.82
  05    -5.68
  06    -6.35
  07    -7.57
  08    -8.73
  09    -9.93
  10   -11.15
  11   -12.37
  12   -13.41
  13   -14.47
  14   -15.69
  15   -16.91
  16   -18.08
  17   -19.30
  18   -20.52
  19   -21.74
  20   -22.75
  21   -23.97
  22   -25.19
  23   -25.54
  24   -26.69
  25   -27.91
  26   -28.77
  27   -29.99
  28   -31.09
  29   -32.30
  30   -33.52
  31   -34.66
  32   -35.87
  33   -36.88
  34   -38.09
  35   -39.31
  36   -40.53
  37   -41.49
  38   -42.71
  39   -43.44
  40   -44.55
  41   -45.23
  42   -46.42
  43   -45.28
  44   -44.81
  45   -45.95
  46   -46.89
  47   -47.35
  48   -47.70
  49   -47.28
  50   -46.09
  51   -46.94
  52   -46.63
  53   -46.54
  54   -47.47
  55   -48.04
  56   -49.17
  57   -50.31
  58   -51.14
  59   -51.63
  60   -52.44
  61   -51.86
  62   -51.51
  63   -51.02
  64   -51.12
  65   -51.48
  66   -52.31
  67   -52.48
  68   -51.91
  69   -52.27
  70   -50.67
  71   -50.88
  72   -51.11
  73   -51.92
  74   -51.04
  75   -50.05
  76   -50.58
  77   -49.53
  78   -49.77
  79   -49.02
  80   -49.47
  81   -48.10
  82   -47.81
  83   -45.32
  84   -45.50
  85   -45.11
  86   -43.87
  87   -43.34
  88   -43.83
  89   -43.67
  90   -44.12
  91   -44.24
  92   -44.16
  93   -42.41
  94   -42.24
  95   -43.06
  96   -43.75
  97   -43.93
  98   -43.88
  99   -42.30
 100   -41.04
 101   -40.87
 102   -41.31
 103   -42.15
 104   -41.69
 105   -41.54
 106   -39.48
 107   -38.36
 108   -37.84
 109   -36.60
 110   -37.01
 111   -36.62
 112   -36.86
 113   -35.24
 114   -34.33
 115   -35.08
 116   -35.41
 117   -34.45
 118   -32.69
 119   -33.57
 120   -31.46
 121   -30.53
 122   -30.06
 123   -29.30
 124   -28.20
 125   -27.57
 126   -26.20
 127   -25.85
 128   -25.12
 129   -25.18
 130   -24.18
 131   -24.67
 132   -24.22
 133   -24.11
 134   -24.35
 135   -24.18
 136   -23.00
 137   -21.25
 138   -19.68
 139   -19.88
 140   -19.21
 141   -18.84
 142   -17.66
 143   -17.13
 144   -15.65
 145   -14.91
 146   -14.56
 147   -13.91
 148   -12.94
 149   -11.09
 150   -10.42
 151    -9.87
 152    -7.11
 153    -5.35
 154    -4.80
 155    -5.39
 156    -3.62
 157    -2.14
 158    -1.82
 159    -1.89
 160     1.18
 161     1.48
 162     2.96
 163     3.60
 164     4.09
 165     5.31
 166     6.69
 167     7.53
 168     9.73
 169    11.93
 170    13.74
 171    14.35
 172    15.13
 173    16.53
 174    17.39
 175    18.72
 176    20.49
 177    20.94
 178    20.72
 179    20.23
 180    20.43
 181    23.14
 182    23.64
 183    24.12
 184    23.87
 185    23.81
 186    25.22
 187    24.64
 188    27.66
 189    28.44
 190    28.59
 191    30.42
 192    30.11
 193    30.11
 194    29.74
 195    30.83
 196    31.59
 197    31.09
 198    31.03
 199    30.65
 200    30.38
 201    30.41
 202    30.31
 203    30.34
 204    29.54
 205    29.80
 206    29.47
 207    29.22
 208    28.91
 209    28.59
 210    28.56
 211    28.25
 212    27.54
 213    27.02
 214    27.04
 215    26.42
 216    26.00
 217    25.58
 218    25.08
 219    24.44
 220    23.46
 221    22.50
 222    23.07
 223    23.17
 224    22.44
 225    21.42
 226    20.62
 227    19.55
 228    19.47
 229    18.95
 230    18.65
 231    17.98
 232    16.95
 233    16.25
 234    15.12
 235    15.83
 236    16.03
 237    15.38
 238    15.12
 239    14.54
 240    14.77
 241    14.63
 242    14.64
 243    15.56
 244    15.78
 245    14.85
 246    15.70
 247    15.15
 248    15.47
 249    15.43
 250    15.39
 251    16.08
 252    16.35
 253    15.94
 254    17.47
 255    17.91
 256    19.23
 257    20.64
 258    20.61
 259    20.90
 260    21.62
 261    23.74
 262    23.38
 263    24.88
 264    26.42
 265    26.59
 266    27.03
 267    27.70
 268    30.24
 269    31.65
 270    32.10
 271    34.11
 272    34.72
 273    34.99
 274    36.28
 275    35.90
 276    38.17
 277    39.67
 278    39.59
 279    41.73
 280    42.03
 281    42.78
 282    43.61
 283    45.28
 284    47.95
 285    49.15
 286    50.39
 287    50.11
 288    50.11
 289    51.06
 290    51.12
 291    52.64
 292    53.75
 293    53.90
 294    54.59
 295    54.04
 296    53.91
 297    54.25
 298    54.94
 299    54.16
 300    55.46
 301    55.29
 302    57.07
 303    56.68
 304    56.54
 305    56.13
 306    55.86
 307    55.04
 308    54.12
 309    53.37
 310    53.74
 311    53.00
 312    52.29
 313    52.20
 314    51.55
 315    51.04
 316    50.29
 317    49.75
 318    49.45
 319    48.54
 320    47.53
 321    46.56
 322    45.74
 323    44.71
 324    43.65
 325    42.50
 326    41.71
 327    41.03
 328    40.13
 329    39.14
 330    38.21
 331    37.05
 332    36.04
 333    34.82
 334    33.88
 335    32.99
 336    31.81
 337    30.93
 338    29.79
 339    28.63
 340    27.50
 341    26.36
 342    25.33
 343    24.34
 344    23.18
 345    22.22
 346    21.53
 347    20.54
 348    19.69
 349    18.63
 350    17.88
 351    16.66
 352    15.52
 353    14.35
 354    13.13
 355    11.99
 356    10.82
 357    10.37
 358     9.16
 359     7.94
 360     6.72
 361     5.93
 362     4.74
 363     3.66
 364     2.44
 365     1.22
 366     0.00
