  01    -0.71
  02    -1.47
  03    -2.22
  04    -2.98
  05    -3.67
  06    -4.37
  07    -5.13
  08    -5.89
  09    -6.64
  10    -7.40
  11    -7.79
  12    -8.55
  13    -9.31
  14   -10.07
  15   -10.83
  16   -11.08
  17   -11.84
  18   -12.59
  19   -13.32
  20   -14.05
  21   -14.60
  22   -15.36
  23   -16.08
  24   -16.84
  25   -17.58
  26   -18.25
  27   -19.01
  28   -19.12
  29   -19.88
  30   -20.64
  31   -21.28
  32   -22.03
  33   -22.60
  34   -23.32
  35   -23.75
  36   -24.51
  37   -25.27
  38   -26.03
  39   -26.65
  40   -26.59
  41   -27.35
  42   -28.10
  43   -28.76
  44   -29.48
  45   -30.18
  46   -30.46
  47   -31.11
  48   -31.87
  49   -32.61
  50   -33.31
  51   -33.71
  52   -34.31
  53   -34.85
  54   -35.59
  55   -35.84
  56   -36.59
  57   -37.31
  58   -37.84
  59   -38.14
  60   -38.85
  61   -39.52
  62   -39.96
  63   -40.72
  64   -41.16
  65   -41.80
  66   -42.10
  67   -42.72
  68   -42.41
  69   -42.83
  70   -43.39
  71   -44.08
  72   -44.74
  73   -45.50
  74   -45.89
  75   -46.63
  76   -46.73
  77   -46.95
  78   -47.65
  79   -48.40
  80   -48.57
  81   -49.29
  82   -50.05
  83   -47.46
  84   -47.89
  85   -47.99
  86   -47.44
  87   -48.19
  88   -48.89
  89   -49.65
  90   -50.37
  91   -50.02
  92   -49.86
  93   -50.42
  94   -50.70
  95   -51.37
  96   -52.12
  97   -52.86
  98   -53.55
  99   -53.99
 100   -54.42
 101   -55.01
 102   -55.28
 103   -55.38
 104   -54.66
 105   -55.18
 106   -55.01
 107   -53.42
 108   -53.45
 109   -53.19
 110   -53.03
 111   -53.76
 112   -52.17
 113   -51.22
 114   -51.40
 115   -51.87
 116   -50.95
 117   -50.24
 118   -49.45
 119   -49.82
 120   -47.26
 121   -46.73
 122   -46.86
 123   -46.31
 124   -44.88
 125   -45.25
 126   -44.72
 127   -43.68
 128   -42.43
 129   -42.76
 130   -41.81
 131   -41.52
 132   -41.20
 133   -40.24
 134   -39.81
 135   -38.00
 136   -37.26
 137   -36.65
 138   -34.59
 139   -33.27
 140   -32.72
 141   -31.57
 142   -30.59
 143   -29.61
 144   -28.30
 145   -25.68
 146   -20.63
 147   -17.86
 148   -15.19
 149   -10.64
 150    -9.24
 151    -7.76
 152    -4.50
 153    -1.78
 154     1.33
 155     5.10
 156     7.43
 157    10.67
 158    13.48
 159    15.98
 160    17.83
 161    19.25
 162    21.28
 163    23.98
 164    26.56
 165    27.24
 166    28.12
 167    29.90
 168    30.95
 169    31.40
 170    32.46
 171    35.59
 172    38.16
 173    39.29
 174    40.57
 175    44.35
 176    45.80
 177    47.05
 178    48.50
 179    48.36
 180    48.30
 181    47.86
 182    48.34
 183    48.49
 184    48.11
 185    49.85
 186    50.81
 187    51.72
 188    51.69
 189    51.18
 190    51.31
 191    51.26
 192    50.93
 193    50.42
 194    49.73
 195    49.37
 196    48.67
 197    49.30
 198    49.66
 199    49.02
 200    48.49
 201    48.24
 202    47.68
 203    47.00
 204    46.28
 205    46.25
 206    47.22
 207    46.72
 208    46.16
 209    45.56
 210    44.99
 211    44.61
 212    44.03
 213    43.46
 214    42.72
 215    42.35
 216    42.22
 217    41.49
 218    40.86
 219    40.30
 220    39.55
 221    40.38
 222    40.06
 223    39.71
 224    39.12
 225    38.69
 226    38.42
 227    37.78
 228    37.37
 229    36.95
 230    36.38
 231    35.71
 232    35.23
 233    34.54
 234    34.56
 235    34.32
 236    34.85
 237    34.56
 238    33.91
 239    33.71
 240    32.96
 241    32.26
 242    31.59
 243    30.92
 244    30.34
 245    29.65
 246    28.92
 247    28.50
 248    27.84
 249    27.15
 250    26.79
 251    26.44
 252    25.84
 253    25.96
 254    25.27
 255    24.99
 256    24.43
 257    23.87
 258    23.53
 259    23.79
 260    25.05
 261    24.61
 262    24.17
 263    24.61
 264    24.47
 265    24.97
 266    24.40
 267    23.69
 268    23.22
 269    23.07
 270    23.33
 271    24.85
 272    24.79
 273    24.08
 274    23.62
 275    23.16
 276    22.67
 277    22.16
 278    21.55
 279    21.20
 280    20.73
 281    21.07
 282    21.52
 283    21.71
 284    22.29
 285    22.76
 286    23.11
 287    22.90
 288    23.10
 289    22.92
 290    23.26
 291    23.84
 292    24.56
 293    24.90
 294    25.27
 295    26.18
 296    26.64
 297    27.25
 298    27.39
 299    26.90
 300    28.10
 301    28.87
 302    29.59
 303    31.15
 304    31.08
 305    30.45
 306    30.08
 307    30.05
 308    29.68
 309    29.15
 310    29.81
 311    30.37
 312    29.82
 313    30.20
 314    29.71
 315    29.27
 316    28.73
 317    28.12
 318    27.96
 319    27.71
 320    27.13
 321    26.58
 322    26.97
 323    26.26
 324    25.97
 325    25.41
 326    24.82
 327    24.08
 328    23.32
 329    22.62
 330    21.88
 331    21.86
 332    21.55
 333    20.83
 334    20.07
 335    19.65
 336    18.89
 337    18.25
 338    17.50
 339    16.74
 340    16.07
 341    15.38
 342    15.10
 343    14.73
 344    14.19
 345    13.44
 346    13.13
 347    12.38
 348    11.62
 349    11.12
 350    10.57
 351     9.90
 352     9.23
 353     8.48
 354     7.73
 355     7.37
 356     6.77
 357     6.26
 358     5.73
 359     4.98
 360     4.29
 361     3.69
 362     2.93
 363     2.21
 364     1.47
 365     0.76
 366    -0.00
