  01    -1.00
  02    -2.00
  03    -3.01
  04    -4.01
  05    -5.00
  06    -6.00
  07    -7.00
  08    -8.00
  09    -9.00
  10   -10.00
  11   -11.00
  12   -12.00
  13   -13.00
  14   -13.99
  15   -14.99
  16   -15.99
  17   -16.99
  18   -17.99
  19   -18.99
  20   -19.99
  21   -20.99
  22   -21.99
  23   -22.99
  24   -23.98
  25   -24.98
  26   -25.97
  27   -26.96
  28   -27.96
  29   -28.96
  30   -29.96
  31   -30.96
  32   -31.95
  33   -32.93
  34   -33.92
  35   -34.77
  36   -35.74
  37   -36.68
  38   -37.56
  39   -38.19
  40   -39.16
  41   -40.15
  42   -41.07
  43   -41.97
  44   -42.79
  45   -43.69
  46   -44.58
  47   -45.24
  48   -45.95
  49   -46.78
  50   -47.65
  51   -48.34
  52   -49.16
  53   -49.84
  54   -50.51
  55   -50.95
  56   -51.43
  57   -52.14
  58   -52.78
  59   -53.35
  60   -53.48
  61   -53.82
  62   -54.18
  63   -54.70
  64   -55.35
  65   -55.25
  66   -55.16
  67   -55.27
  68   -55.56
  69   -55.91
  70   -55.93
  71   -56.19
  72   -56.34
  73   -56.69
  74   -56.92
  75   -57.05
  76   -56.98
  77   -56.89
  78   -56.68
  79   -56.89
  80   -56.81
  81   -57.17
  82   -57.27
  83   -57.10
  84   -56.80
  85   -57.05
  86   -57.34
  87   -57.66
  88   -57.73
  89   -57.52
  90   -56.96
  91   -57.37
  92   -57.91
  93   -58.55
  94   -58.77
  95   -59.12
  96   -59.20
  97   -59.33
  98   -59.43
  99   -59.37
 100   -58.65
 101   -59.14
 102   -59.61
 103   -59.90
 104   -59.66
 105   -59.82
 106   -59.83
 107   -59.62
 108   -59.80
 109   -59.46
 110   -59.64
 111   -59.98
 112   -60.40
 113   -60.96
 114   -61.75
 115   -61.79
 116   -62.32
 117   -62.50
 118   -62.78
 119   -62.69
 120   -63.46
 121   -63.95
 122   -64.44
 123   -64.74
 124   -64.79
 125   -65.25
 126   -65.64
 127   -66.35
 128   -66.77
 129   -66.95
 130   -67.24
 131   -67.69
 132   -68.18
 133   -68.14
 134   -69.08
 135   -68.59
 136   -68.98
 137   -69.33
 138   -69.35
 139   -69.56
 140   -69.72
 141   -70.35
 142   -70.79
 143   -71.23
 144   -71.74
 145   -71.79
 146   -72.44
 147   -72.82
 148   -72.26
 149   -72.64
 150   -72.97
 151   -72.47
 152   -72.34
 153   -72.83
 154   -72.53
 155   -72.31
 156   -71.48
 157   -72.25
 158   -72.79
 159   -72.87
 160   -72.40
 161   -72.66
 162   -72.43
 163   -72.31
 164   -72.17
 165   -71.37
 166   -71.72
 167   -71.37
 168   -71.55
 169   -71.36
 170   -70.95
 171   -70.16
 172   -69.29
 173   -68.87
 174   -68.83
 175   -69.57
 176   -69.74
 177   -69.17
 178   -68.82
 179   -68.44
 180   -68.10
 181   -67.32
 182   -65.95
 183   -65.84
 184   -65.50
 185   -65.26
 186   -64.88
 187   -63.43
 188   -61.88
 189   -61.64
 190   -61.48
 191   -60.60
 192   -61.15
 193   -60.44
 194   -60.24
 195   -57.91
 196   -55.42
 197   -55.14
 198   -52.59
 199   -49.64
 200   -48.26
 201   -47.94
 202   -45.10
 203   -42.52
 204   -41.13
 205   -39.33
 206   -38.40
 207   -35.88
 208   -34.99
 209   -33.15
 210   -29.99
 211   -29.46
 212   -28.84
 213   -24.59
 214   -23.32
 215   -21.00
 216   -20.22
 217   -16.84
 218   -16.47
 219   -16.19
 220   -15.12
 221   -13.50
 222   -12.03
 223    -9.57
 224    -8.60
 225    -7.51
 226    -6.10
 227    -6.26
 228    -2.52
 229    -1.94
 230    -1.33
 231    -1.07
 232     0.24
 233     1.47
 234     1.48
 235     2.44
 236     2.88
 237     5.74
 238     6.92
 239     9.60
 240    10.43
 241    11.29
 242    12.80
 243    12.71
 244    14.41
 245    13.99
 246    14.33
 247    14.33
 248    15.08
 249    16.90
 250    17.55
 251    18.17
 252    18.64
 253    20.69
 254    20.81
 255    24.04
 256    25.05
 257    25.88
 258    25.59
 259    26.83
 260    29.01
 261    30.95
 262    30.55
 263    30.30
 264    30.43
 265    31.13
 266    31.43
 267    32.71
 268    32.45
 269    32.41
 270    33.15
 271    34.01
 272    34.69
 273    35.27
 274    36.09
 275    37.33
 276    40.28
 277    42.06
 278    44.12
 279    44.50
 280    44.37
 281    44.79
 282    47.30
 283    47.60
 284    47.48
 285    49.73
 286    50.10
 287    49.93
 288    50.17
 289    50.86
 290    51.55
 291    52.04
 292    51.59
 293    51.05
 294    51.43
 295    51.95
 296    52.39
 297    52.19
 298    52.40
 299    52.41
 300    53.01
 301    53.13
 302    52.89
 303    53.38
 304    53.86
 305    54.20
 306    53.91
 307    53.66
 308    53.61
 309    53.46
 310    52.62
 311    51.99
 312    51.23
 313    50.75
 314    49.99
 315    49.16
 316    48.22
 317    47.52
 318    46.83
 319    45.95
 320    45.37
 321    44.52
 322    43.64
 323    42.66
 324    41.68
 325    40.72
 326    39.78
 327    38.86
 328    37.89
 329    36.89
 330    35.91
 331    34.91
 332    33.92
 333    32.94
 334    31.94
 335    30.95
 336    29.96
 337    29.02
 338    28.02
 339    27.02
 340    26.02
 341    25.02
 342    24.03
 343    23.03
 344    22.03
 345    21.03
 346    20.03
 347    19.03
 348    18.02
 349    17.02
 350    16.02
 351    15.02
 352    14.02
 353    13.01
 354    12.01
 355    11.01
 356    10.01
 357     9.01
 358     8.01
 359     7.01
 360     6.01
 361     5.00
 362     4.00
 363     3.00
 364     2.00
 365     1.00
 366    -0.00
