  01    -0.96
  02    -1.63
  03    -2.63
  04    -3.56
  05    -4.29
  06    -5.11
  07    -5.94
  08    -6.75
  09    -7.33
  10    -8.32
  11    -9.29
  12    -9.94
  13   -10.87
  14   -11.78
  15   -12.73
  16   -13.38
  17   -14.37
  18   -15.37
  19   -15.91
  20   -16.83
  21   -17.64
  22   -17.93
  23   -18.76
  24   -19.62
  25   -19.68
  26   -20.55
  27   -21.19
  28   -21.99
  29   -22.98
  30   -23.94
  31   -24.89
  32   -25.89
  33   -26.78
  34   -27.47
  35   -28.44
  36   -29.43
  37   -29.96
  38   -30.82
  39   -31.74
  40   -32.56
  41   -33.06
  42   -33.61
  43   -34.44
  44   -35.09
  45   -35.63
  46   -36.04
  47   -36.86
  48   -37.76
  49   -38.51
  50   -38.70
  51   -39.46
  52   -40.19
  53   -40.55
  54   -41.00
  55   -41.46
  56   -41.94
  57   -42.62
  58   -42.99
  59   -43.44
  60   -43.94
  61   -44.61
  62   -45.38
  63   -45.85
  64   -46.74
  65   -47.46
  66   -47.98
  67   -47.69
  68   -47.55
  69   -47.15
  70   -47.24
  71   -47.77
  72   -48.52
  73   -49.29
  74   -49.67
  75   -49.94
  76   -49.81
  77   -50.19
  78   -49.86
  79   -50.58
  80   -50.72
  81   -51.18
  82   -51.92
  83   -52.41
  84   -52.48
  85   -52.38
  86   -53.12
  87   -53.83
  88   -54.50
  89   -55.27
  90   -55.97
  91   -55.25
  92   -55.38
  93   -54.97
  94   -55.17
  95   -55.84
  96   -55.54
  97   -55.30
  98   -55.67
  99   -55.43
 100   -56.08
 101   -55.82
 102   -56.20
 103   -55.88
 104   -55.19
 105   -55.08
 106   -54.34
 107   -53.67
 108   -54.00
 109   -53.80
 110   -53.15
 111   -53.85
 112   -53.03
 113   -52.39
 114   -52.12
 115   -52.52
 116   -50.88
 117   -51.06
 118   -50.56
 119   -50.87
 120   -50.69
 121   -51.02
 122   -51.75
 123   -51.59
 124   -50.28
 125   -49.95
 126   -50.08
 127   -49.82
 128   -48.87
 129   -48.38
 130   -47.59
 131   -47.06
 132   -46.75
 133   -44.83
 134   -43.89
 135   -41.29
 136   -40.57
 137   -40.26
 138   -39.47
 139   -37.01
 140   -34.85
 141   -34.22
 142   -30.92
 143   -30.36
 144   -28.42
 145   -26.83
 146   -24.05
 147   -21.25
 148   -19.90
 149   -18.18
 150   -15.39
 151   -12.48
 152   -11.23
 153    -7.40
 154    -2.07
 155     0.03
 156     1.99
 157     2.73
 158     4.74
 159     5.07
 160     7.03
 161     9.13
 162    12.57
 163    16.96
 164    18.18
 165    19.86
 166    22.54
 167    23.82
 168    24.86
 169    26.55
 170    27.98
 171    28.80
 172    29.82
 173    30.90
 174    32.29
 175    33.69
 176    34.77
 177    36.00
 178    37.76
 179    39.19
 180    39.30
 181    40.24
 182    40.43
 183    42.21
 184    42.54
 185    45.27
 186    47.80
 187    48.09
 188    48.29
 189    48.10
 190    48.48
 191    48.89
 192    48.41
 193    48.76
 194    48.76
 195    48.34
 196    48.57
 197    49.47
 198    49.01
 199    49.03
 200    48.32
 201    48.12
 202    47.67
 203    46.90
 204    46.95
 205    46.15
 206    45.48
 207    44.74
 208    44.02
 209    43.89
 210    43.16
 211    42.27
 212    41.59
 213    41.01
 214    40.68
 215    39.90
 216    39.37
 217    38.97
 218    38.29
 219    37.44
 220    36.52
 221    35.68
 222    34.88
 223    34.09
 224    33.22
 225    32.43
 226    32.23
 227    31.47
 228    30.82
 229    30.38
 230    29.48
 231    28.72
 232    28.19
 233    28.01
 234    27.46
 235    26.75
 236    26.56
 237    26.56
 238    26.26
 239    25.75
 240    24.84
 241    24.33
 242    23.59
 243    23.91
 244    23.32
 245    23.21
 246    23.23
 247    22.69
 248    22.13
 249    21.35
 250    20.81
 251    20.06
 252    19.19
 253    18.54
 254    17.81
 255    17.15
 256    16.48
 257    15.78
 258    15.18
 259    14.57
 260    14.46
 261    14.50
 262    14.31
 263    14.30
 264    14.10
 265    13.79
 266    14.00
 267    13.64
 268    13.19
 269    12.86
 270    14.09
 271    13.88
 272    13.37
 273    12.79
 274    12.92
 275    12.62
 276    11.94
 277    11.91
 278    11.33
 279    10.83
 280    11.24
 281    12.48
 282    13.73
 283    14.81
 284    16.09
 285    16.91
 286    18.14
 287    18.10
 288    18.04
 289    18.00
 290    18.65
 291    19.15
 292    19.45
 293    20.61
 294    21.27
 295    21.49
 296    22.88
 297    24.06
 298    23.45
 299    24.12
 300    24.32
 301    25.06
 302    26.57
 303    27.80
 304    29.27
 305    29.81
 306    29.25
 307    28.54
 308    28.27
 309    28.65
 310    29.03
 311    28.74
 312    28.11
 313    28.52
 314    28.77
 315    28.73
 316    28.94
 317    28.86
 318    28.17
 319    28.06
 320    27.82
 321    27.10
 322    26.90
 323    26.48
 324    26.15
 325    25.38
 326    24.93
 327    24.45
 328    23.68
 329    23.20
 330    22.87
 331    22.91
 332    22.07
 333    21.27
 334    20.97
 335    20.17
 336    19.39
 337    18.68
 338    18.69
 339    18.44
 340    17.92
 341    17.08
 342    16.33
 343    15.70
 344    15.39
 345    15.35
 346    14.61
 347    14.19
 348    13.25
 349    12.36
 350    12.08
 351    11.12
 352    10.43
 353     9.49
 354     8.49
 355     7.52
 356     6.56
 357     5.67
 358     4.70
 359     3.82
 360     2.82
 361     2.04
 362     1.08
 363     0.09
 364    -0.74
 365    -1.74
 366     0.00
