  01    -0.80
  02    -1.60
  03    -2.40
  04    -3.19
  05    -3.99
  06    -4.79
  07    -5.59
  08    -6.39
  09    -7.19
  10    -7.99
  11    -8.78
  12    -9.58
  13   -10.38
  14   -11.18
  15   -11.98
  16   -12.78
  17   -13.58
  18   -14.37
  19   -15.17
  20   -15.97
  21   -16.77
  22   -17.57
  23   -18.37
  24   -19.17
  25   -19.97
  26   -20.76
  27   -21.56
  28   -22.36
  29   -23.16
  30   -23.96
  31   -24.76
  32   -25.56
  33   -26.35
  34   -27.15
  35   -27.95
  36   -28.75
  37   -29.55
  38   -30.35
  39   -31.15
  40   -31.94
  41   -32.74
  42   -33.54
  43   -34.32
  44   -34.98
  45   -35.61
  46   -36.39
  47   -37.18
  48   -37.97
  49   -38.75
  50   -39.53
  51   -40.33
  52   -41.13
  53   -41.92
  54   -42.72
  55   -43.52
  56   -44.32
  57   -45.10
  58   -45.90
  59   -46.70
  60   -47.49
  61   -48.26
  62   -49.04
  63   -49.77
  64   -50.56
  65   -51.36
  66   -52.16
  67   -52.95
  68   -53.73
  69   -54.53
  70   -55.32
  71   -56.09
  72   -56.88
  73   -57.68
  74   -58.44
  75   -59.22
  76   -60.01
  77   -60.78
  78   -61.56
  79   -62.34
  80   -63.11
  81   -63.87
  82   -64.65
  83   -65.40
  84   -66.13
  85   -66.78
  86   -67.40
  87   -68.08
  88   -68.79
  89   -69.53
  90   -70.30
  91   -71.08
  92   -71.65
  93   -72.22
  94   -72.91
  95   -73.65
  96   -74.34
  97   -74.96
  98   -75.50
  99   -76.15
 100   -76.85
 101   -77.22
 102   -77.76
 103   -78.32
 104   -78.97
 105   -79.52
 106   -79.79
 107   -80.40
 108   -80.98
 109   -81.28
 110   -81.80
 111   -82.33
 112   -82.73
 113   -83.08
 114   -83.60
 115   -84.17
 116   -84.75
 117   -85.12
 118   -85.63
 119   -85.67
 120   -86.25
 121   -86.75
 122   -87.06
 123   -87.11
 124   -87.56
 125   -87.79
 126   -87.97
 127   -88.49
 128   -89.04
 129   -89.54
 130   -89.38
 131   -89.52
 132   -89.80
 133   -90.06
 134   -90.38
 135   -90.84
 136   -90.79
 137   -90.91
 138   -89.66
 139   -89.37
 140   -88.67
 141   -88.68
 142   -88.37
 143   -88.42
 144   -88.49
 145   -88.23
 146   -88.11
 147   -87.32
 148   -86.77
 149   -86.81
 150   -85.90
 151   -85.54
 152   -84.74
 153   -84.07
 154   -83.36
 155   -83.35
 156   -82.90
 157   -83.16
 158   -82.98
 159   -83.02
 160   -81.76
 161   -80.33
 162   -80.27
 163   -80.50
 164   -79.94
 165   -79.86
 166   -80.18
 167   -80.11
 168   -79.73
 169   -78.96
 170   -77.71
 171   -77.63
 172   -77.35
 173   -76.78
 174   -75.96
 175   -75.29
 176   -74.77
 177   -74.69
 178   -74.87
 179   -74.72
 180   -74.86
 181   -74.03
 182   -73.92
 183   -74.25
 184   -74.13
 185   -73.93
 186   -72.82
 187   -72.71
 188   -72.37
 189   -71.72
 190   -71.49
 191   -71.19
 192   -70.26
 193   -70.24
 194   -70.53
 195   -68.28
 196   -66.53
 197   -65.51
 198   -65.23
 199   -64.83
 200   -64.89
 201   -64.71
 202   -64.35
 203   -63.08
 204   -62.52
 205   -61.74
 206   -61.23
 207   -59.44
 208   -59.36
 209   -58.67
 210   -56.92
 211   -55.82
 212   -55.22
 213   -53.08
 214   -52.50
 215   -51.59
 216   -51.20
 217   -48.81
 218   -48.11
 219   -47.23
 220   -44.68
 221   -44.60
 222   -44.29
 223   -43.32
 224   -41.59
 225   -41.31
 226   -40.11
 227   -39.08
 228   -38.81
 229   -37.66
 230   -34.09
 231   -33.74
 232   -32.28
 233   -31.43
 234   -27.39
 235   -26.66
 236   -25.00
 237   -23.38
 238   -21.85
 239   -20.55
 240   -19.46
 241   -16.79
 242   -16.66
 243   -13.47
 244   -12.52
 245   -11.29
 246    -8.29
 247    -6.98
 248    -4.57
 249    -0.02
 250     0.83
 251     3.64
 252     5.49
 253     7.17
 254    10.54
 255    12.42
 256    13.17
 257    15.51
 258    15.83
 259    17.55
 260    18.84
 261    20.86
 262    21.18
 263    22.30
 264    24.33
 265    26.04
 266    29.15
 267    31.98
 268    32.49
 269    33.99
 270    36.80
 271    37.42
 272    38.27
 273    38.94
 274    40.51
 275    41.78
 276    42.49
 277    43.40
 278    43.84
 279    44.19
 280    44.70
 281    45.69
 282    46.69
 283    47.75
 284    48.59
 285    48.64
 286    49.15
 287    49.37
 288    49.75
 289    50.01
 290    50.08
 291    50.17
 292    50.76
 293    51.65
 294    51.51
 295    51.29
 296    50.86
 297    50.86
 298    50.75
 299    50.35
 300    50.36
 301    49.92
 302    49.31
 303    48.92
 304    48.15
 305    47.55
 306    46.95
 307    46.35
 308    45.71
 309    45.12
 310    44.48
 311    43.73
 312    42.95
 313    42.17
 314    41.42
 315    40.67
 316    39.90
 317    39.12
 318    38.33
 319    37.54
 320    36.74
 321    35.94
 322    35.14
 323    34.34
 324    33.54
 325    32.74
 326    31.95
 327    31.15
 328    30.35
 329    29.55
 330    28.75
 331    27.95
 332    27.15
 333    26.36
 334    25.56
 335    24.76
 336    23.96
 337    23.16
 338    22.36
 339    21.56
 340    20.76
 341    19.97
 342    19.17
 343    18.37
 344    17.57
 345    16.77
 346    15.97
 347    15.17
 348    14.38
 349    13.58
 350    12.78
 351    11.98
 352    11.18
 353    10.38
 354     9.58
 355     8.79
 356     7.99
 357     7.19
 358     6.39
 359     5.59
 360     4.79
 361     3.99
 362     3.20
 363     2.40
 364     1.60
 365     0.80
 366     0.00
