  01    -0.80
  02    -1.81
  03    -2.83
  04    -3.84
  05    -4.85
  06    -5.86
  07    -6.88
  08    -7.89
  09    -8.90
  10    -9.91
  11   -10.93
  12   -11.94
  13   -12.75
  14   -13.76
  15   -14.73
  16   -15.74
  17   -16.75
  18   -17.76
  19   -18.78
  20   -19.14
  21   -20.15
  22   -21.17
  23   -22.18
  24   -23.19
  25   -24.20
  26   -25.22
  27   -26.22
  28   -27.24
  29   -28.25
  30   -29.26
  31   -30.27
  32   -31.29
  33   -32.30
  34   -33.29
  35   -34.29
  36   -35.27
  37   -36.28
  38   -37.30
  39   -38.31
  40   -39.32
  41   -40.33
  42   -41.27
  43   -41.92
  44   -42.93
  45   -43.69
  46   -44.70
  47   -45.40
  48   -46.33
  49   -47.34
  50   -48.12
  51   -48.58
  52   -49.57
  53   -50.59
  54   -51.49
  55   -52.44
  56   -53.34
  57   -53.94
  58   -54.78
  59   -55.70
  60   -56.55
  61   -57.32
  62   -57.36
  63   -58.37
  64   -59.20
  65   -60.22
  66   -61.04
  67   -61.94
  68   -62.84
  69   -63.66
  70   -64.61
  71   -65.16
  72   -66.01
  73   -66.32
  74   -67.33
  75   -67.87
  76   -68.57
  77   -69.00
  78   -69.93
  79   -70.41
  80   -71.14
  81   -70.20
  82   -70.81
  83   -71.66
  84   -72.48
  85   -73.36
  86   -73.21
  87   -73.96
  88   -73.93
  89   -74.86
  90   -75.50
  91   -75.75
  92   -75.64
  93   -76.63
  94   -77.21
  95   -76.70
  96   -75.58
  97   -76.30
  98   -77.04
  99   -76.86
 100   -77.47
 101   -77.35
 102   -77.74
 103   -77.51
 104   -78.19
 105   -78.78
 106   -78.75
 107   -79.37
 108   -80.00
 109   -79.23
 110   -79.72
 111   -78.93
 112   -78.39
 113   -77.27
 114   -76.97
 115   -77.32
 116   -76.27
 117   -76.06
 118   -75.63
 119   -76.14
 120   -76.38
 121   -76.32
 122   -74.74
 123   -74.72
 124   -73.52
 125   -73.52
 126   -73.69
 127   -73.59
 128   -73.96
 129   -74.15
 130   -74.41
 131   -72.61
 132   -72.40
 133   -71.74
 134   -72.32
 135   -70.98
 136   -71.56
 137   -72.00
 138   -71.77
 139   -71.98
 140   -71.69
 141   -71.24
 142   -71.73
 143   -72.16
 144   -70.38
 145   -70.05
 146   -70.45
 147   -69.91
 148   -69.93
 149   -69.75
 150   -69.78
 151   -69.21
 152   -68.78
 153   -67.85
 154   -67.89
 155   -67.34
 156   -67.33
 157   -67.20
 158   -66.30
 159   -66.48
 160   -65.74
 161   -64.57
 162   -64.58
 163   -64.03
 164   -62.62
 165   -62.08
 166   -61.46
 167   -60.30
 168   -60.12
 169   -59.91
 170   -59.66
 171   -59.04
 172   -59.29
 173   -58.36
 174   -57.61
 175   -55.30
 176   -54.82
 177   -54.29
 178   -53.68
 179   -53.40
 180   -52.77
 181   -52.38
 182   -52.33
 183   -50.69
 184   -49.30
 185   -48.86
 186   -47.45
 187   -46.94
 188   -46.92
 189   -47.23
 190   -46.37
 191   -45.06
 192   -44.89
 193   -44.20
 194   -43.70
 195   -41.42
 196   -40.09
 197   -39.86
 198   -39.01
 199   -37.27
 200   -36.53
 201   -33.96
 202   -32.43
 203   -31.60
 204   -29.95
 205   -28.79
 206   -26.99
 207   -25.71
 208   -25.24
 209   -23.77
 210   -22.45
 211   -22.06
 212   -22.12
 213   -20.53
 214   -19.86
 215   -19.99
 216   -19.54
 217   -17.30
 218   -15.04
 219   -14.86
 220   -14.60
 221   -14.37
 222   -12.26
 223   -11.44
 224   -10.61
 225    -9.27
 226    -7.25
 227    -7.32
 228    -6.62
 229    -5.64
 230    -4.99
 231    -3.41
 232    -1.20
 233    -0.79
 234     0.18
 235     1.01
 236     2.60
 237     4.06
 238     6.86
 239     7.39
 240     8.38
 241    10.14
 242    12.08
 243    12.81
 244    14.24
 245    14.65
 246    15.57
 247    17.55
 248    18.77
 249    21.60
 250    22.26
 251    24.96
 252    26.07
 253    27.61
 254    28.11
 255    30.41
 256    30.80
 257    31.96
 258    33.94
 259    35.04
 260    37.12
 261    40.00
 262    41.16
 263    42.17
 264    43.34
 265    44.57
 266    45.36
 267    46.48
 268    47.37
 269    47.63
 270    49.04
 271    51.61
 272    52.12
 273    52.59
 274    52.80
 275    54.51
 276    56.49
 277    57.32
 278    58.09
 279    59.66
 280    60.50
 281    61.77
 282    62.52
 283    61.76
 284    62.43
 285    62.34
 286    62.02
 287    63.33
 288    63.08
 289    63.14
 290    62.77
 291    64.19
 292    63.64
 293    63.92
 294    63.53
 295    63.26
 296    62.73
 297    62.33
 298    61.85
 299    61.45
 300    61.51
 301    60.82
 302    60.30
 303    59.74
 304    59.32
 305    58.31
 306    57.34
 307    56.41
 308    55.95
 309    54.99
 310    53.99
 311    53.05
 312    52.12
 313    51.29
 314    50.28
 315    49.29
 316    48.28
 317    47.43
 318    46.49
 319    45.57
 320    44.56
 321    43.54
 322    42.54
 323    41.53
 324    40.61
 325    39.60
 326    38.61
 327    37.63
 328    36.79
 329    36.22
 330    35.21
 331    34.19
 332    33.18
 333    32.17
 334    31.16
 335    30.14
 336    29.15
 337    28.14
 338    27.15
 339    26.13
 340    25.12
 341    24.11
 342    23.10
 343    22.40
 344    21.41
 345    20.87
 346    19.86
 347    19.12
 348    18.11
 349    17.10
 350    16.09
 351    15.07
 352    14.16
 353    13.15
 354    12.14
 355    11.12
 356    10.12
 357     9.11
 358     8.10
 359     7.08
 360     6.07
 361     5.06
 362     4.05
 363     3.03
 364     2.02
 365     1.01
 366    -0.00
