  01    -0.98
  02    -1.97
  03    -2.96
  04    -3.95
  05    -4.94
  06    -5.72
  07    -6.71
  08    -7.51
  09    -8.50
  10    -9.49
  11   -10.47
  12   -11.46
  13   -12.45
  14   -13.43
  15   -14.35
  16   -15.34
  17   -16.33
  18   -17.32
  19   -18.31
  20   -19.29
  21   -20.16
  22   -21.15
  23   -22.07
  24   -23.06
  25   -24.05
  26   -25.04
  27   -26.00
  28   -26.99
  29   -27.98
  30   -28.97
  31   -29.95
  32   -30.94
  33   -31.93
  34   -32.92
  35   -33.62
  36   -34.55
  37   -35.19
  38   -36.18
  39   -37.13
  40   -38.11
  41   -39.10
  42   -39.94
  43   -40.58
  44   -41.57
  45   -42.52
  46   -43.40
  47   -44.11
  48   -45.09
  49   -46.08
  50   -47.07
  51   -48.06
  52   -49.05
  53   -49.08
  54   -50.06
  55   -51.03
  56   -52.01
  57   -53.00
  58   -53.98
  59   -54.88
  60   -55.87
  61   -56.85
  62   -57.70
  63   -58.36
  64   -58.95
  65   -59.84
  66   -60.57
  67   -61.35
  68   -62.27
  69   -63.10
  70   -62.89
  71   -63.29
  72   -63.98
  73   -64.82
  74   -65.47
  75   -66.44
  76   -67.27
  77   -68.17
  78   -68.21
  79   -68.24
  80   -68.86
  81   -69.18
  82   -69.77
  83   -68.89
  84   -69.84
  85   -70.01
  86   -70.19
  87   -70.35
  88   -69.89
  89   -69.54
  90   -69.11
  91   -69.43
  92   -69.42
  93   -69.70
  94   -69.87
  95   -70.03
  96   -70.02
  97   -70.82
  98   -71.63
  99   -71.30
 100   -71.30
 101   -71.48
 102   -71.85
 103   -71.54
 104   -72.22
 105   -72.75
 106   -72.37
 107   -72.89
 108   -73.30
 109   -73.95
 110   -73.97
 111   -73.16
 112   -73.34
 113   -73.67
 114   -73.34
 115   -73.60
 116   -72.99
 117   -72.92
 118   -73.10
 119   -71.66
 120   -70.64
 121   -71.19
 122   -71.68
 123   -71.84
 124   -72.49
 125   -72.84
 126   -71.72
 127   -71.90
 128   -70.23
 129   -70.20
 130   -69.47
 131   -69.47
 132   -69.55
 133   -69.77
 134   -70.57
 135   -70.61
 136   -70.67
 137   -70.90
 138   -70.39
 139   -70.25
 140   -69.20
 141   -69.06
 142   -68.66
 143   -68.00
 144   -68.47
 145   -68.73
 146   -67.30
 147   -66.42
 148   -66.22
 149   -65.27
 150   -65.59
 151   -64.66
 152   -63.44
 153   -63.33
 154   -63.11
 155   -60.87
 156   -60.13
 157   -60.18
 158   -59.61
 159   -59.13
 160   -56.96
 161   -56.22
 162   -55.71
 163   -54.29
 164   -53.17
 165   -51.88
 166   -50.99
 167   -50.37
 168   -50.18
 169   -48.89
 170   -47.90
 171   -46.32
 172   -45.12
 173   -45.20
 174   -44.41
 175   -44.64
 176   -44.51
 177   -44.08
 178   -44.12
 179   -43.58
 180   -43.07
 181   -41.99
 182   -42.32
 183   -42.84
 184   -40.63
 185   -40.00
 186   -39.63
 187   -39.76
 188   -39.99
 189   -38.22
 190   -38.24
 191   -37.22
 192   -36.55
 193   -35.78
 194   -33.03
 195   -31.60
 196   -31.19
 197   -31.10
 198   -30.95
 199   -31.19
 200   -29.56
 201   -28.23
 202   -25.76
 203   -24.56
 204   -24.55
 205   -23.43
 206   -23.01
 207   -23.48
 208   -23.05
 209   -21.99
 210   -22.51
 211   -22.13
 212   -20.27
 213   -20.05
 214   -19.42
 215   -18.78
 216   -17.89
 217   -17.34
 218   -16.27
 219   -15.58
 220   -13.43
 221   -11.72
 222   -11.35
 223    -9.55
 224    -8.81
 225    -7.77
 226    -6.72
 227    -5.87
 228    -2.28
 229    -1.66
 230    -0.52
 231     0.53
 232     1.62
 233     3.11
 234     3.74
 235     4.03
 236     5.57
 237     7.43
 238     9.26
 239    10.94
 240    11.68
 241    13.27
 242    13.85
 243    15.14
 244    16.49
 245    17.62
 246    19.67
 247    22.54
 248    24.40
 249    27.09
 250    29.05
 251    32.08
 252    33.88
 253    35.03
 254    37.06
 255    37.91
 256    39.75
 257    42.00
 258    43.80
 259    43.93
 260    45.46
 261    45.85
 262    47.12
 263    48.24
 264    50.28
 265    52.33
 266    52.47
 267    54.91
 268    55.92
 269    58.23
 270    60.23
 271    60.78
 272    60.54
 273    61.88
 274    62.35
 275    62.29
 276    62.51
 277    62.19
 278    62.94
 279    63.59
 280    63.93
 281    63.59
 282    62.97
 283    62.43
 284    63.42
 285    63.25
 286    62.77
 287    62.16
 288    61.55
 289    61.08
 290    60.21
 291    59.88
 292    60.59
 293    60.06
 294    59.91
 295    59.91
 296    59.69
 297    58.70
 298    58.35
 299    57.44
 300    56.91
 301    56.68
 302    56.29
 303    55.54
 304    56.37
 305    56.05
 306    55.61
 307    54.75
 308    54.01
 309    53.41
 310    52.82
 311    51.87
 312    50.95
 313    49.98
 314    48.99
 315    48.00
 316    47.01
 317    46.28
 318    45.29
 319    44.39
 320    43.41
 321    42.42
 322    41.43
 323    40.44
 324    39.46
 325    38.54
 326    37.63
 327    36.82
 328    36.00
 329    35.01
 330    34.02
 331    33.03
 332    32.05
 333    31.35
 334    30.36
 335    29.37
 336    28.38
 337    27.44
 338    26.52
 339    25.54
 340    24.66
 341    23.77
 342    22.78
 343    21.79
 344    20.81
 345    19.83
 346    18.87
 347    17.88
 348    16.93
 349    16.04
 350    15.05
 351    14.06
 352    13.34
 353    12.37
 354    11.38
 355    10.39
 356     9.68
 357     8.73
 358     7.75
 359     6.76
 360     5.77
 361     4.78
 362     3.80
 363     2.85
 364     1.94
 365     0.95
 366    -0.00
