  01    -0.77
  02    -1.61
  03    -2.44
  04    -3.28
  05    -3.73
  06    -4.02
  07    -4.79
  08    -5.54
  09    -6.27
  10    -7.10
  11    -7.93
  12    -8.69
  13    -9.48
  14   -10.26
  15   -10.97
  16   -11.76
  17   -12.60
  18   -13.43
  19   -14.27
  20   -15.01
  21   -15.35
  22   -15.57
  23   -16.41
  24   -17.18
  25   -17.89
  26   -18.68
  27   -19.46
  28   -20.03
  29   -20.87
  30   -21.71
  31   -21.86
  32   -22.70
  33   -23.37
  34   -24.13
  35   -24.96
  36   -25.79
  37   -26.61
  38   -27.44
  39   -28.27
  40   -29.07
  41   -29.42
  42   -29.97
  43   -30.74
  44   -30.48
  45   -30.77
  46   -30.55
  47   -31.18
  48   -31.59
  49   -31.52
  50   -31.88
  51   -32.44
  52   -33.26
  53   -33.56
  54   -34.18
  55   -33.76
  56   -33.82
  57   -34.44
  58   -34.46
  59   -35.06
  60   -35.19
  61   -35.56
  62   -36.36
  63   -36.68
  64   -37.09
  65   -37.28
  66   -38.06
  67   -38.18
  68   -37.88
  69   -37.98
  70   -38.38
  71   -37.80
  72   -38.15
  73   -36.75
  74   -36.63
  75   -37.42
  76   -37.68
  77   -38.33
  78   -39.06
  79   -38.80
  80   -38.94
  81   -37.97
  82   -38.62
  83   -39.03
  84   -39.29
  85   -37.79
  86   -38.12
  87   -38.93
  88   -39.57
  89   -39.08
  90   -39.50
  91   -37.12
  92   -37.28
  93   -36.66
  94   -37.08
  95   -37.55
  96   -37.31
  97   -36.49
  98   -37.09
  99   -36.45
 100   -36.17
 101   -33.85
 102   -32.86
 103   -32.90
 104   -32.44
 105   -32.39
 106   -31.59
 107   -30.35
 108   -29.74
 109   -29.20
 110   -27.41
 111   -27.90
 112   -28.71
 113   -28.80
 114   -28.87
 115   -29.01
 116   -29.10
 117   -29.00
 118   -26.59
 119   -25.87
 120   -26.28
 121   -26.17
 122   -25.21
 123   -24.21
 124   -23.42
 125   -23.53
 126   -23.46
 127   -22.53
 128   -21.17
 129   -20.35
 130   -19.87
 131   -17.73
 132   -17.83
 133   -17.16
 134   -16.76
 135   -16.33
 136   -15.12
 137   -14.64
 138   -13.96
 139   -13.42
 140   -12.52
 141   -10.12
 142    -8.93
 143    -7.15
 144    -5.75
 145    -4.86
 146    -2.84
 147     0.14
 148     1.74
 149     5.82
 150     7.94
 151     8.43
 152    10.18
 153    12.24
 154    15.46
 155    18.45
 156    23.64
 157    24.23
 158    25.41
 159    26.34
 160    32.97
 161    34.72
 162    37.38
 163    40.88
 164    43.70
 165    47.35
 166    48.30
 167    50.01
 168    50.62
 169    51.23
 170    52.88
 171    54.35
 172    54.49
 173    54.97
 174    55.29
 175    57.60
 176    57.69
 177    57.91
 178    58.22
 179    59.05
 180    59.61
 181    60.36
 182    61.23
 183    61.70
 184    64.51
 185    65.56
 186    66.17
 187    65.70
 188    65.59
 189    65.17
 190    65.62
 191    65.51
 192    65.40
 193    64.72
 194    64.00
 195    64.05
 196    64.04
 197    64.30
 198    64.06
 199    63.66
 200    63.35
 201    65.28
 202    64.85
 203    64.03
 204    63.56
 205    63.27
 206    62.48
 207    61.95
 208    61.24
 209    60.44
 210    59.95
 211    59.32
 212    59.70
 213    59.77
 214    59.27
 215    58.49
 216    57.70
 217    56.97
 218    56.39
 219    55.66
 220    54.87
 221    54.04
 222    53.26
 223    52.44
 224    51.63
 225    50.86
 226    50.28
 227    49.62
 228    48.89
 229    48.29
 230    47.51
 231    46.83
 232    46.40
 233    46.18
 234    45.66
 235    44.89
 236    44.32
 237    44.07
 238    44.37
 239    43.55
 240    42.75
 241    42.34
 242    41.62
 243    41.34
 244    40.77
 245    40.01
 246    39.42
 247    38.69
 248    38.45
 249    38.15
 250    38.89
 251    38.92
 252    38.70
 253    38.02
 254    38.39
 255    37.98
 256    37.64
 257    37.19
 258    36.69
 259    36.26
 260    36.01
 261    35.83
 262    35.12
 263    35.38
 264    34.83
 265    34.39
 266    34.07
 267    34.10
 268    33.82
 269    33.81
 270    33.61
 271    32.98
 272    32.39
 273    32.34
 274    32.20
 275    31.67
 276    31.65
 277    31.15
 278    32.53
 279    31.82
 280    31.96
 281    31.96
 282    32.05
 283    31.68
 284    32.27
 285    31.93
 286    32.36
 287    31.94
 288    31.62
 289    30.98
 290    30.70
 291    31.52
 292    32.49
 293    32.39
 294    31.93
 295    31.93
 296    32.41
 297    33.28
 298    34.05
 299    34.24
 300    35.19
 301    35.27
 302    35.42
 303    34.75
 304    34.39
 305    34.12
 306    33.36
 307    33.11
 308    33.27
 309    33.53
 310    33.14
 311    32.48
 312    31.64
 313    31.37
 314    30.71
 315    30.14
 316    29.33
 317    28.89
 318    28.24
 319    28.01
 320    27.17
 321    26.46
 322    26.74
 323    26.34
 324    25.91
 325    25.58
 326    25.25
 327    24.55
 328    23.80
 329    23.13
 330    23.06
 331    22.48
 332    21.71
 333    20.88
 334    20.23
 335    19.60
 336    19.14
 337    18.34
 338    17.94
 339    17.11
 340    16.93
 341    16.11
 342    16.17
 343    16.45
 344    15.66
 345    14.92
 346    14.51
 347    13.71
 348    12.88
 349    12.07
 350    11.28
 351    10.47
 352     9.80
 353     8.96
 354     8.13
 355     7.30
 356     7.27
 357     6.68
 358     5.87
 359     5.29
 360     4.46
 361     3.84
 362     3.00
 363     2.17
 364     1.68
 365     0.84
 366     0.00
