  01    -0.79
  02    -1.01
  03    -1.85
  04    -2.41
  05    -3.23
  06    -3.85
  07    -4.70
  08    -5.55
  09    -6.40
  10    -7.22
  11    -8.07
  12    -8.92
  13    -9.77
  14   -10.03
  15   -10.88
  16   -11.39
  17   -12.24
  18   -13.08
  19   -13.93
  20   -14.77
  21   -15.60
  22   -16.43
  23   -17.28
  24   -18.12
  25   -18.66
  26   -19.49
  27   -20.33
  28   -21.01
  29   -21.84
  30   -22.69
  31   -23.54
  32   -24.39
  33   -25.21
  34   -26.06
  35   -26.73
  36   -27.57
  37   -28.10
  38   -28.91
  39   -29.56
  40   -28.99
  41   -29.77
  42   -29.34
  43   -30.17
  44   -31.00
  45   -30.38
  46   -31.04
  47   -30.93
  48   -31.75
  49   -32.57
  50   -33.20
  51   -33.79
  52   -34.64
  53   -35.49
  54   -36.02
  55   -36.62
  56   -37.43
  57   -36.78
  58   -35.11
  59   -35.77
  60   -36.23
  61   -37.04
  62   -37.53
  63   -37.94
  64   -38.24
  65   -39.00
  66   -39.20
  67   -39.10
  68   -39.66
  69   -40.40
  70   -41.07
  71   -41.29
  72   -40.16
  73   -39.66
  74   -39.92
  75   -39.44
  76   -38.71
  77   -39.05
  78   -39.67
  79   -40.41
  80   -38.95
  81   -38.81
  82   -38.89
  83   -38.85
  84   -39.20
  85   -39.20
  86   -39.22
  87   -39.71
  88   -39.71
  89   -40.53
  90   -40.61
  91   -41.06
  92   -40.67
  93   -40.26
  94   -39.91
  95   -38.32
  96   -38.92
  97   -37.48
  98   -36.93
  99   -36.79
 100   -36.26
 101   -36.41
 102   -37.06
 103   -37.09
 104   -37.92
 105   -37.68
 106   -36.49
 107   -35.52
 108   -35.41
 109   -34.80
 110   -33.39
 111   -33.31
 112   -32.18
 113   -31.99
 114   -30.96
 115   -30.54
 116   -30.61
 117   -30.65
 118   -28.20
 119   -28.21
 120   -27.50
 121   -26.91
 122   -26.53
 123   -24.66
 124   -23.19
 125   -22.58
 126   -21.87
 127   -20.49
 128   -18.79
 129   -18.98
 130   -18.83
 131   -18.89
 132   -17.37
 133   -16.60
 134   -16.44
 135   -16.23
 136   -15.68
 137   -14.39
 138   -13.53
 139   -13.89
 140   -13.96
 141   -12.34
 142   -11.69
 143   -10.51
 144    -9.08
 145    -7.00
 146    -5.11
 147    -2.67
 148    -1.54
 149     0.83
 150     0.99
 151     1.49
 152     4.02
 153     4.96
 154     6.13
 155     7.05
 156     9.13
 157    12.94
 158    13.76
 159    14.39
 160    19.92
 161    22.33
 162    26.03
 163    28.93
 164    31.37
 165    32.94
 166    34.56
 167    37.57
 168    38.65
 169    40.08
 170    45.69
 171    48.08
 172    48.88
 173    50.46
 174    50.85
 175    51.96
 176    52.63
 177    54.57
 178    54.33
 179    54.63
 180    55.97
 181    57.20
 182    57.52
 183    59.50
 184    60.43
 185    60.02
 186    60.76
 187    61.18
 188    63.40
 189    65.33
 190    65.43
 191    65.62
 192    66.29
 193    66.58
 194    65.92
 195    65.92
 196    65.61
 197    65.29
 198    65.33
 199    64.58
 200    63.86
 201    63.33
 202    62.69
 203    61.86
 204    61.03
 205    61.60
 206    60.79
 207    60.02
 208    59.27
 209    58.72
 210    58.09
 211    57.86
 212    57.11
 213    56.58
 214    55.74
 215    55.26
 216    54.66
 217    54.37
 218    53.83
 219    53.76
 220    53.10
 221    52.37
 222    51.54
 223    51.05
 224    50.40
 225    49.94
 226    49.29
 227    49.03
 228    48.41
 229    48.27
 230    47.98
 231    47.19
 232    46.42
 233    45.74
 234    45.29
 235    44.73
 236    43.94
 237    43.49
 238    42.78
 239    42.34
 240    41.74
 241    40.91
 242    40.58
 243    39.87
 244    39.25
 245    38.44
 246    38.71
 247    38.05
 248    39.53
 249    38.98
 250    39.31
 251    39.18
 252    38.63
 253    38.33
 254    37.68
 255    37.19
 256    36.53
 257    36.11
 258    36.20
 259    35.43
 260    36.35
 261    35.54
 262    36.01
 263    35.61
 264    35.08
 265    34.84
 266    34.22
 267    33.51
 268    32.96
 269    34.63
 270    37.52
 271    37.10
 272    36.80
 273    36.89
 274    36.11
 275    36.73
 276    36.24
 277    36.25
 278    35.87
 279    37.14
 280    36.68
 281    36.84
 282    36.06
 283    35.56
 284    35.80
 285    36.03
 286    35.57
 287    35.15
 288    34.84
 289    34.84
 290    35.75
 291    35.50
 292    35.36
 293    35.37
 294    34.87
 295    34.82
 296    34.98
 297    36.42
 298    36.24
 299    36.97
 300    37.27
 301    36.78
 302    36.30
 303    35.69
 304    35.24
 305    35.30
 306    35.21
 307    34.64
 308    33.96
 309    33.15
 310    32.53
 311    33.09
 312    32.73
 313    31.88
 314    31.35
 315    31.13
 316    30.28
 317    29.44
 318    28.87
 319    28.05
 320    27.46
 321    26.67
 322    26.09
 323    25.36
 324    24.71
 325    23.87
 326    23.88
 327    23.47
 328    22.62
 329    21.77
 330    21.26
 331    20.78
 332    19.94
 333    19.38
 334    19.67
 335    19.08
 336    18.49
 337    17.71
 338    17.21
 339    16.63
 340    16.42
 341    15.80
 342    15.30
 343    14.73
 344    13.88
 345    13.06
 346    14.60
 347    14.42
 348    13.58
 349    13.01
 350    12.54
 351    11.69
 352    10.84
 353    10.04
 354     9.19
 355     8.35
 356     7.51
 357     6.78
 358     5.96
 359     5.15
 360     4.56
 361     4.00
 362     3.36
 363     2.51
 364     1.70
 365     0.86
 366     0.01
