  01    -0.92
  02    -1.83
  03    -2.75
  04    -3.67
  05    -4.58
  06    -5.50
  07    -6.42
  08    -7.33
  09    -8.25
  10    -9.17
  11   -10.08
  12   -11.00
  13   -11.92
  14   -12.83
  15   -13.74
  16   -14.65
  17   -15.56
  18   -16.48
  19   -17.39
  20   -18.31
  21   -19.23
  22   -20.14
  23   -21.06
  24   -21.97
  25   -22.89
  26   -23.80
  27   -24.72
  28   -25.63
  29   -26.55
  30   -27.46
  31   -28.38
  32   -29.29
  33   -30.20
  34   -31.12
  35   -32.03
  36   -32.94
  37   -33.86
  38   -34.77
  39   -35.66
  40   -36.57
  41   -37.48
  42   -38.39
  43   -39.31
  44   -40.22
  45   -41.13
  46   -42.03
  47   -42.94
  48   -43.84
  49   -44.74
  50   -45.65
  51   -46.48
  52   -47.38
  53   -48.26
  54   -49.18
  55   -50.05
  56   -50.96
  57   -51.86
  58   -52.71
  59   -53.56
  60   -54.35
  61   -55.11
  62   -55.93
  63   -56.76
  64   -57.50
  65   -58.31
  66   -59.10
  67   -59.93
  68   -60.84
  69   -61.69
  70   -62.18
  71   -62.93
  72   -63.67
  73   -64.58
  74   -65.41
  75   -66.25
  76   -66.91
  77   -67.73
  78   -68.51
  79   -69.25
  80   -69.96
  81   -70.70
  82   -71.44
  83   -72.01
  84   -72.59
  85   -73.27
  86   -74.06
  87   -74.83
  88   -75.43
  89   -76.14
  90   -76.88
  91   -77.58
  92   -78.40
  93   -78.84
  94   -79.69
  95   -80.39
  96   -80.96
  97   -81.71
  98   -81.65
  99   -80.96
 100   -80.41
 101   -80.71
 102   -80.89
 103   -81.40
 104   -82.12
 105   -82.44
 106   -82.71
 107   -82.82
 108   -83.24
 109   -83.88
 110   -84.34
 111   -84.80
 112   -85.53
 113   -86.21
 114   -86.76
 115   -87.43
 116   -87.92
 117   -88.33
 118   -88.97
 119   -89.16
 120   -89.81
 121   -90.54
 122   -91.06
 123   -91.75
 124   -91.79
 125   -91.91
 126   -92.09
 127   -91.59
 128   -91.87
 129   -92.65
 130   -92.84
 131   -92.56
 132   -93.27
 133   -93.70
 134   -93.70
 135   -93.15
 136   -91.57
 137   -90.33
 138   -89.84
 139   -87.81
 140   -87.23
 141   -87.64
 142   -87.92
 143   -87.22
 144   -86.28
 145   -85.38
 146   -85.39
 147   -83.17
 148   -80.34
 149   -79.26
 150   -77.21
 151   -74.56
 152   -73.24
 153   -70.88
 154   -70.12
 155   -69.80
 156   -68.45
 157   -68.31
 158   -67.86
 159   -66.47
 160   -66.32
 161   -65.98
 162   -64.49
 163   -63.73
 164   -62.53
 165   -61.43
 166   -61.51
 167   -60.52
 168   -59.74
 169   -58.41
 170   -57.37
 171   -55.55
 172   -54.99
 173   -54.25
 174   -53.60
 175   -53.30
 176   -53.40
 177   -53.16
 178   -53.40
 179   -53.54
 180   -53.55
 181   -52.32
 182   -51.19
 183   -51.00
 184   -50.41
 185   -48.80
 186   -47.73
 187   -47.31
 188   -46.99
 189   -46.03
 190   -45.52
 191   -43.86
 192   -42.88
 193   -42.83
 194   -42.66
 195   -38.86
 196   -36.43
 197   -35.82
 198   -34.40
 199   -33.23
 200   -32.59
 201   -31.77
 202   -31.19
 203   -29.72
 204   -28.00
 205   -27.50
 206   -27.13
 207   -25.61
 208   -24.89
 209   -22.13
 210   -19.25
 211   -18.72
 212   -18.37
 213   -16.64
 214   -15.37
 215   -11.95
 216   -11.80
 217   -10.93
 218    -9.53
 219    -9.32
 220    -7.08
 221    -6.39
 222    -5.31
 223    -4.72
 224    -2.62
 225    -2.37
 226    -1.04
 227    -0.67
 228    -0.55
 229     1.41
 230     2.38
 231     3.17
 232     4.11
 233     7.65
 234     7.81
 235     7.56
 236     7.42
 237     8.26
 238     9.48
 239    10.55
 240    10.79
 241    11.35
 242    11.43
 243    12.24
 244    16.34
 245    16.22
 246    16.51
 247    16.89
 248    16.78
 249    17.07
 250    17.78
 251    18.59
 252    18.91
 253    18.84
 254    19.72
 255    19.78
 256    20.43
 257    23.03
 258    23.64
 259    24.27
 260    24.93
 261    26.11
 262    25.70
 263    25.67
 264    25.07
 265    26.16
 266    26.33
 267    26.95
 268    27.59
 269    28.02
 270    28.57
 271    30.03
 272    32.32
 273    32.79
 274    34.06
 275    34.83
 276    35.69
 277    36.39
 278    37.06
 279    37.75
 280    38.83
 281    39.73
 282    40.12
 283    41.44
 284    42.79
 285    43.35
 286    43.83
 287    43.40
 288    43.71
 289    44.42
 290    44.49
 291    44.60
 292    44.75
 293    45.38
 294    45.88
 295    46.41
 296    47.86
 297    48.64
 298    49.65
 299    50.60
 300    50.80
 301    50.56
 302    50.16
 303    51.48
 304    52.61
 305    52.05
 306    51.51
 307    51.03
 308    50.30
 309    49.81
 310    49.25
 311    48.60
 312    47.86
 313    47.19
 314    46.44
 315    45.62
 316    44.90
 317    44.29
 318    43.44
 319    42.62
 320    41.84
 321    40.98
 322    40.10
 323    39.21
 324    38.30
 325    37.45
 326    36.56
 327    35.66
 328    34.75
 329    33.85
 330    32.94
 331    32.02
 332    31.12
 333    30.20
 334    29.30
 335    28.39
 336    27.49
 337    26.58
 338    25.66
 339    24.75
 340    23.84
 341    22.93
 342    22.01
 343    21.10
 344    20.18
 345    19.26
 346    18.35
 347    17.43
 348    16.51
 349    15.59
 350    14.68
 351    13.76
 352    12.84
 353    11.93
 354    11.01
 355    10.09
 356     9.17
 357     8.26
 358     7.34
 359     6.42
 360     5.51
 361     4.59
 362     3.67
 363     2.75
 364     1.84
 365     0.92
 366     0.00
