  01    -0.77
  02    -1.54
  03    -2.31
  04    -3.09
  05    -3.86
  06    -4.63
  07    -5.40
  08    -6.17
  09    -6.94
  10    -7.72
  11    -8.49
  12    -9.26
  13   -10.03
  14   -10.80
  15   -11.57
  16   -12.35
  17   -13.12
  18   -13.89
  19   -14.66
  20   -15.43
  21   -16.20
  22   -16.98
  23   -17.75
  24   -18.52
  25   -19.29
  26   -20.06
  27   -20.83
  28   -21.60
  29   -22.38
  30   -23.15
  31   -23.92
  32   -24.69
  33   -25.46
  34   -26.23
  35   -27.01
  36   -27.78
  37   -28.55
  38   -29.32
  39   -30.09
  40   -30.86
  41   -31.64
  42   -32.41
  43   -33.16
  44   -33.85
  45   -34.42
  46   -35.15
  47   -35.91
  48   -36.68
  49   -37.45
  50   -38.22
  51   -38.99
  52   -39.76
  53   -40.53
  54   -41.30
  55   -42.07
  56   -42.84
  57   -43.61
  58   -44.39
  59   -45.16
  60   -45.93
  61   -46.68
  62   -47.44
  63   -48.14
  64   -48.91
  65   -49.68
  66   -50.45
  67   -51.22
  68   -51.96
  69   -52.73
  70   -53.49
  71   -54.24
  72   -55.01
  73   -55.75
  74   -56.48
  75   -57.24
  76   -58.01
  77   -58.77
  78   -59.52
  79   -60.28
  80   -61.04
  81   -61.81
  82   -62.54
  83   -63.25
  84   -63.97
  85   -64.67
  86   -65.30
  87   -66.00
  88   -66.75
  89   -67.42
  90   -68.19
  91   -68.95
  92   -69.45
  93   -70.15
  94   -70.80
  95   -71.51
  96   -72.22
  97   -72.89
  98   -73.61
  99   -74.31
 100   -74.94
 101   -75.56
 102   -76.17
 103   -76.71
 104   -77.27
 105   -77.94
 106   -78.39
 107   -79.08
 108   -79.55
 109   -80.23
 110   -80.74
 111   -81.22
 112   -81.69
 113   -82.14
 114   -82.62
 115   -83.25
 116   -83.82
 117   -84.29
 118   -84.58
 119   -84.39
 120   -84.71
 121   -85.16
 122   -85.63
 123   -86.13
 124   -86.62
 125   -86.92
 126   -87.25
 127   -87.60
 128   -88.13
 129   -88.46
 130   -88.70
 131   -88.54
 132   -88.99
 133   -89.37
 134   -89.29
 135   -89.62
 136   -89.33
 137   -89.38
 138   -89.49
 139   -89.53
 140   -89.59
 141   -89.55
 142   -89.06
 143   -89.23
 144   -89.35
 145   -89.41
 146   -89.40
 147   -89.28
 148   -87.62
 149   -86.62
 150   -86.17
 151   -85.77
 152   -85.42
 153   -84.90
 154   -85.07
 155   -84.95
 156   -84.50
 157   -84.68
 158   -84.47
 159   -83.29
 160   -82.65
 161   -82.08
 162   -81.90
 163   -81.91
 164   -81.41
 165   -80.71
 166   -80.63
 167   -80.54
 168   -80.24
 169   -79.80
 170   -79.43
 171   -79.20
 172   -79.18
 173   -78.48
 174   -77.96
 175   -77.49
 176   -77.15
 177   -77.04
 178   -77.11
 179   -76.78
 180   -76.55
 181   -74.90
 182   -73.14
 183   -72.90
 184   -72.27
 185   -71.71
 186   -71.23
 187   -70.75
 188   -70.24
 189   -69.94
 190   -68.66
 191   -68.07
 192   -67.47
 193   -67.45
 194   -67.53
 195   -67.06
 196   -65.99
 197   -64.89
 198   -63.06
 199   -62.47
 200   -61.56
 201   -60.95
 202   -60.21
 203   -59.10
 204   -57.35
 205   -56.95
 206   -55.92
 207   -54.38
 208   -53.63
 209   -52.63
 210   -51.14
 211   -49.83
 212   -48.38
 213   -46.75
 214   -45.79
 215   -45.26
 216   -44.64
 217   -42.67
 218   -39.99
 219   -37.31
 220   -36.45
 221   -35.78
 222   -35.48
 223   -34.99
 224   -33.70
 225   -33.62
 226   -32.41
 227   -32.07
 228   -31.77
 229   -31.16
 230   -29.24
 231   -27.92
 232   -27.30
 233   -25.19
 234   -23.63
 235   -22.81
 236   -20.98
 237   -16.94
 238   -15.53
 239   -14.97
 240   -14.41
 241   -11.78
 242   -11.00
 243   -10.05
 244    -8.36
 245    -5.60
 246    -3.34
 247     1.67
 248     2.56
 249     6.68
 250     7.48
 251     9.71
 252    10.92
 253    12.72
 254    16.85
 255    19.15
 256    22.91
 257    24.38
 258    25.60
 259    26.45
 260    27.72
 261    29.46
 262    30.01
 263    30.31
 264    32.51
 265    34.50
 266    37.10
 267    38.16
 268    38.95
 269    39.97
 270    42.99
 271    43.39
 272    43.94
 273    44.99
 274    45.40
 275    46.42
 276    46.87
 277    47.71
 278    48.38
 279    48.50
 280    48.56
 281    48.87
 282    49.58
 283    50.12
 284    50.51
 285    50.85
 286    50.41
 287    50.05
 288    49.76
 289    49.62
 290    49.42
 291    49.51
 292    49.39
 293    49.99
 294    50.13
 295    51.05
 296    50.97
 297    50.29
 298    49.84
 299    49.50
 300    49.14
 301    48.80
 302    48.19
 303    47.64
 304    46.95
 305    46.27
 306    45.56
 307    44.86
 308    44.26
 309    43.61
 310    42.94
 311    42.23
 312    41.48
 313    40.72
 314    39.95
 315    39.20
 316    38.49
 317    37.75
 318    37.03
 319    36.26
 320    35.49
 321    34.72
 322    33.95
 323    33.18
 324    32.41
 325    31.64
 326    30.87
 327    30.09
 328    29.32
 329    28.55
 330    27.78
 331    27.01
 332    26.24
 333    25.46
 334    24.69
 335    23.92
 336    23.15
 337    22.38
 338    21.61
 339    20.83
 340    20.06
 341    19.29
 342    18.52
 343    17.75
 344    16.98
 345    16.20
 346    15.43
 347    14.66
 348    13.89
 349    13.12
 350    12.35
 351    11.58
 352    10.80
 353    10.03
 354     9.26
 355     8.49
 356     7.72
 357     6.95
 358     6.17
 359     5.40
 360     4.63
 361     3.86
 362     3.09
 363     2.32
 364     1.54
 365     0.77
 366     0.00
