  01    -0.65
  02    -1.61
  03    -2.59
  04    -3.58
  05    -4.56
  06    -5.54
  07    -6.52
  08    -7.50
  09    -8.48
  10    -9.46
  11   -10.45
  12   -11.43
  13   -12.41
  14   -13.33
  15   -14.31
  16   -15.29
  17   -16.27
  18   -17.25
  19   -18.22
  20   -18.46
  21   -19.45
  22   -20.43
  23   -21.41
  24   -22.39
  25   -23.37
  26   -24.35
  27   -25.34
  28   -26.31
  29   -26.88
  30   -27.86
  31   -28.84
  32   -29.82
  33   -30.69
  34   -31.67
  35   -32.63
  36   -33.62
  37   -34.60
  38   -35.58
  39   -36.56
  40   -37.54
  41   -38.52
  42   -39.37
  43   -40.30
  44   -41.25
  45   -42.23
  46   -43.19
  47   -43.88
  48   -44.08
  49   -45.06
  50   -45.93
  51   -46.17
  52   -47.04
  53   -48.02
  54   -48.96
  55   -49.81
  56   -50.76
  57   -51.65
  58   -52.63
  59   -53.43
  60   -54.35
  61   -55.09
  62   -56.01
  63   -56.99
  64   -57.93
  65   -58.86
  66   -59.80
  67   -60.77
  68   -61.63
  69   -62.61
  70   -63.31
  71   -63.97
  72   -64.81
  73   -65.13
  74   -65.92
  75   -66.71
  76   -67.51
  77   -68.02
  78   -68.93
  79   -69.77
  80   -70.53
  81   -70.84
  82   -71.77
  83   -72.68
  84   -73.33
  85   -74.19
  86   -74.37
  87   -74.68
  88   -75.19
  89   -75.88
  90   -76.42
  91   -76.06
  92   -76.80
  93   -76.90
  94   -77.22
  95   -76.73
  96   -77.45
  97   -78.26
  98   -78.19
  99   -78.46
 100   -79.28
 101   -79.27
 102   -79.20
 103   -79.71
 104   -80.32
 105   -79.70
 106   -79.47
 107   -79.56
 108   -80.31
 109   -79.73
 110   -79.47
 111   -79.92
 112   -78.03
 113   -77.52
 114   -77.38
 115   -77.25
 116   -75.55
 117   -75.92
 118   -75.89
 119   -76.42
 120   -76.67
 121   -76.83
 122   -75.59
 123   -74.71
 124   -74.17
 125   -74.36
 126   -73.27
 127   -73.48
 128   -72.35
 129   -72.20
 130   -72.09
 131   -72.23
 132   -72.46
 133   -70.91
 134   -71.20
 135   -71.07
 136   -71.25
 137   -71.36
 138   -71.34
 139   -71.79
 140   -70.16
 141   -69.59
 142   -69.90
 143   -68.93
 144   -67.95
 145   -68.03
 146   -66.61
 147   -65.81
 148   -65.40
 149   -64.06
 150   -63.96
 151   -63.36
 152   -62.67
 153   -61.52
 154   -60.60
 155   -59.82
 156   -59.50
 157   -59.46
 158   -58.32
 159   -57.45
 160   -56.71
 161   -56.83
 162   -56.08
 163   -55.30
 164   -54.07
 165   -53.69
 166   -52.84
 167   -52.49
 168   -52.09
 169   -50.84
 170   -50.78
 171   -50.76
 172   -50.12
 173   -49.95
 174   -49.61
 175   -48.41
 176   -47.78
 177   -47.46
 178   -46.28
 179   -45.97
 180   -45.10
 181   -44.52
 182   -44.00
 183   -43.79
 184   -42.56
 185   -42.57
 186   -41.68
 187   -40.99
 188   -41.19
 189   -41.25
 190   -40.83
 191   -39.67
 192   -39.32
 193   -39.53
 194   -39.46
 195   -38.63
 196   -37.41
 197   -36.17
 198   -35.04
 199   -35.40
 200   -34.74
 201   -34.21
 202   -33.41
 203   -32.21
 204   -31.72
 205   -30.76
 206   -29.70
 207   -29.34
 208   -28.82
 209   -28.54
 210   -27.31
 211   -26.43
 212   -25.23
 213   -23.54
 214   -22.59
 215   -22.26
 216   -21.70
 217   -20.91
 218   -21.43
 219   -19.24
 220   -19.39
 221   -18.77
 222   -18.02
 223   -18.04
 224   -17.43
 225   -15.19
 226   -12.69
 227    -8.86
 228    -8.12
 229    -6.49
 230    -5.70
 231    -4.78
 232    -1.86
 233    -1.01
 234     1.46
 235     3.42
 236     3.71
 237     4.80
 238     6.98
 239     8.38
 240    10.39
 241    12.43
 242    15.76
 243    17.74
 244    20.81
 245    21.23
 246    23.02
 247    23.80
 248    25.47
 249    26.96
 250    29.15
 251    31.55
 252    33.00
 253    34.03
 254    35.93
 255    37.75
 256    38.97
 257    39.98
 258    41.94
 259    43.90
 260    46.02
 261    48.00
 262    49.41
 263    50.55
 264    51.11
 265    51.71
 266    53.31
 267    53.84
 268    54.68
 269    54.89
 270    56.87
 271    57.23
 272    57.50
 273    59.09
 274    59.25
 275    60.57
 276    60.65
 277    62.04
 278    61.82
 279    62.02
 280    62.77
 281    63.94
 282    64.02
 283    64.09
 284    64.44
 285    64.98
 286    64.56
 287    65.18
 288    65.16
 289    64.52
 290    64.31
 291    64.69
 292    64.36
 293    63.72
 294    62.88
 295    63.00
 296    62.86
 297    62.51
 298    61.66
 299    61.32
 300    60.65
 301    59.83
 302    59.16
 303    58.98
 304    58.60
 305    57.68
 306    56.72
 307    55.86
 308    54.90
 309    54.03
 310    53.33
 311    52.45
 312    51.78
 313    51.08
 314    50.10
 315    49.32
 316    48.37
 317    47.39
 318    46.45
 319    45.49
 320    44.51
 321    43.54
 322    42.68
 323    41.83
 324    40.88
 325    39.91
 326    38.94
 327    37.96
 328    36.98
 329    36.01
 330    35.03
 331    34.04
 332    33.16
 333    32.18
 334    31.20
 335    30.22
 336    29.24
 337    28.26
 338    27.29
 339    26.31
 340    25.33
 341    24.36
 342    23.38
 343    22.40
 344    21.42
 345    20.44
 346    19.46
 347    18.49
 348    17.52
 349    16.65
 350    15.67
 351    14.69
 352    13.71
 353    12.72
 354    11.74
 355    10.77
 356     9.80
 357     8.82
 358     7.84
 359     6.87
 360     5.89
 361     4.91
 362     3.92
 363     2.95
 364     1.97
 365     0.98
 366     0.00
