  01    -1.02
  02    -2.04
  03    -3.07
  04    -4.09
  05    -5.11
  06    -5.83
  07    -6.86
  08    -7.87
  09    -8.89
  10    -9.91
  11   -10.94
  12   -11.96
  13   -12.98
  14   -14.00
  15   -14.81
  16   -15.83
  17   -16.85
  18   -17.87
  19   -18.89
  20   -19.91
  21   -20.28
  22   -21.30
  23   -22.32
  24   -23.34
  25   -24.36
  26   -25.38
  27   -26.41
  28   -27.43
  29   -28.45
  30   -29.47
  31   -30.49
  32   -31.49
  33   -32.51
  34   -33.54
  35   -33.92
  36   -34.92
  37   -35.92
  38   -36.94
  39   -37.96
  40   -38.98
  41   -39.99
  42   -41.01
  43   -41.98
  44   -42.99
  45   -43.99
  46   -44.85
  47   -45.83
  48   -46.81
  49   -47.84
  50   -48.64
  51   -49.66
  52   -50.67
  53   -51.60
  54   -52.58
  55   -53.15
  56   -54.16
  57   -54.94
  58   -55.88
  59   -56.66
  60   -57.47
  61   -58.48
  62   -59.50
  63   -60.06
  64   -60.47
  65   -61.50
  66   -62.52
  67   -63.51
  68   -63.42
  69   -64.14
  70   -64.81
  71   -65.35
  72   -64.90
  73   -65.75
  74   -66.58
  75   -67.56
  76   -67.86
  77   -68.49
  78   -68.89
  79   -69.39
  80   -70.25
  81   -70.72
  82   -71.04
  83   -72.05
  84   -72.82
  85   -73.57
  86   -73.19
  87   -73.63
  88   -73.81
  89   -74.08
  90   -74.23
  91   -74.95
  92   -75.77
  93   -76.56
  94   -77.12
  95   -77.61
  96   -78.25
  97   -78.39
  98   -78.11
  99   -78.18
 100   -78.47
 101   -78.38
 102   -78.83
 103   -78.76
 104   -77.73
 105   -77.40
 106   -76.48
 107   -76.85
 108   -76.88
 109   -76.51
 110   -76.41
 111   -76.02
 112   -76.03
 113   -76.45
 114   -76.63
 115   -77.33
 116   -77.09
 117   -75.07
 118   -75.69
 119   -76.46
 120   -76.90
 121   -76.09
 122   -76.52
 123   -76.93
 124   -77.54
 125   -77.87
 126   -77.39
 127   -76.57
 128   -76.17
 129   -75.57
 130   -75.20
 131   -73.93
 132   -74.55
 133   -74.47
 134   -74.79
 135   -73.24
 136   -72.25
 137   -72.42
 138   -70.90
 139   -70.55
 140   -70.55
 141   -69.95
 142   -68.98
 143   -68.80
 144   -69.07
 145   -69.10
 146   -68.99
 147   -68.02
 148   -67.80
 149   -66.70
 150   -66.22
 151   -66.45
 152   -65.42
 153   -65.92
 154   -65.52
 155   -65.24
 156   -64.52
 157   -63.66
 158   -63.82
 159   -63.77
 160   -63.46
 161   -63.11
 162   -62.42
 163   -61.07
 164   -59.48
 165   -58.76
 166   -57.38
 167   -56.89
 168   -56.67
 169   -56.76
 170   -54.55
 171   -53.87
 172   -53.14
 173   -53.23
 174   -53.04
 175   -53.10
 176   -51.31
 177   -51.19
 178   -50.46
 179   -50.20
 180   -50.30
 181   -49.51
 182   -48.16
 183   -48.14
 184   -47.20
 185   -45.30
 186   -43.37
 187   -43.02
 188   -42.70
 189   -42.99
 190   -41.58
 191   -39.98
 192   -38.69
 193   -37.67
 194   -36.86
 195   -35.90
 196   -35.96
 197   -35.35
 198   -34.16
 199   -33.38
 200   -32.86
 201   -30.73
 202   -29.12
 203   -28.67
 204   -28.71
 205   -25.56
 206   -24.24
 207   -24.63
 208   -22.84
 209   -22.09
 210   -21.61
 211   -20.53
 212   -18.86
 213   -16.98
 214   -16.15
 215   -15.14
 216   -14.41
 217   -14.33
 218   -14.36
 219   -12.73
 220   -11.12
 221   -10.41
 222    -9.94
 223    -8.25
 224    -7.11
 225    -4.94
 226    -3.37
 227    -3.35
 228    -2.09
 229     0.32
 230     0.55
 231     1.71
 232     2.23
 233     3.42
 234     3.74
 235     6.39
 236     8.51
 237    10.93
 238    12.31
 239    13.99
 240    15.79
 241    17.47
 242    18.30
 243    21.23
 244    23.53
 245    25.33
 246    27.85
 247    28.94
 248    31.40
 249    33.23
 250    34.59
 251    35.92
 252    36.83
 253    39.71
 254    41.69
 255    43.27
 256    44.74
 257    46.18
 258    47.91
 259    48.97
 260    50.85
 261    51.52
 262    52.23
 263    53.01
 264    54.02
 265    56.05
 266    56.26
 267    56.39
 268    56.91
 269    58.19
 270    58.71
 271    59.14
 272    59.49
 273    60.23
 274    60.44
 275    60.24
 276    60.72
 277    61.10
 278    61.67
 279    61.90
 280    61.43
 281    61.91
 282    61.34
 283    61.61
 284    61.43
 285    61.38
 286    60.90
 287    60.67
 288    60.77
 289    60.36
 290    60.19
 291    59.43
 292    59.78
 293    59.25
 294    59.58
 295    59.89
 296    59.19
 297    58.48
 298    58.82
 299    58.26
 300    57.45
 301    58.60
 302    58.39
 303    57.58
 304    57.39
 305    56.67
 306    55.70
 307    55.03
 308    54.21
 309    53.36
 310    52.52
 311    51.71
 312    50.70
 313    50.04
 314    49.30
 315    48.49
 316    47.52
 317    46.56
 318    45.55
 319    44.53
 320    43.51
 321    42.53
 322    41.52
 323    40.56
 324    39.54
 325    38.52
 326    37.52
 327    36.89
 328    35.87
 329    34.84
 330    33.87
 331    32.85
 332    31.83
 333    30.89
 334    29.87
 335    28.85
 336    27.83
 337    26.81
 338    25.88
 339    24.86
 340    24.11
 341    23.29
 342    22.27
 343    21.38
 344    20.35
 345    19.36
 346    18.92
 347    18.02
 348    17.05
 349    16.05
 350    15.03
 351    14.01
 352    12.99
 353    12.29
 354    11.27
 355    10.35
 356     9.34
 357     8.32
 358     7.30
 359     6.58
 360     5.56
 361     4.60
 362     3.57
 363     2.99
 364     1.97
 365     1.02
 366     0.00
