  01    -1.17
  02    -2.42
  03    -3.68
  04    -4.71
  05    -5.96
  06    -6.91
  07    -8.16
  08    -9.07
  09   -10.25
  10   -11.51
  11   -12.77
  12   -13.94
  13   -15.19
  14   -16.45
  15   -17.71
  16   -18.95
  17   -20.21
  18   -21.47
  19   -22.72
  20   -23.83
  21   -25.08
  22   -26.34
  23   -27.48
  24   -28.73
  25   -29.98
  26   -31.11
  27   -32.37
  28   -33.62
  29   -34.88
  30   -35.96
  31   -37.21
  32   -38.31
  33   -39.53
  34   -40.79
  35   -41.81
  36   -42.99
  37   -44.22
  38   -45.48
  39   -45.82
  40   -46.63
  41   -47.59
  42   -48.81
  43   -49.48
  44   -49.91
  45   -51.15
  46   -52.30
  47   -52.96
  48   -53.86
  49   -54.76
  50   -55.42
  51   -56.36
  52   -57.39
  53   -57.87
  54   -58.68
  55   -59.37
  56   -60.49
  57   -61.06
  58   -61.82
  59   -62.73
  60   -63.32
  61   -63.95
  62   -63.34
  63   -64.41
  64   -63.82
  65   -64.69
  66   -65.90
  67   -65.98
  68   -65.29
  69   -66.00
  70   -65.80
  71   -65.68
  72   -66.40
  73   -65.72
  74   -65.80
  75   -65.01
  76   -65.29
  77   -64.63
  78   -64.73
  79   -63.45
  80   -63.89
  81   -63.18
  82   -63.01
  83   -62.88
  84   -63.34
  85   -63.84
  86   -62.92
  87   -62.47
  88   -62.26
  89   -62.44
  90   -62.70
  91   -63.05
  92   -62.58
  93   -61.57
  94   -60.57
  95   -61.14
  96   -61.33
  97   -60.95
  98   -60.44
  99   -60.14
 100   -59.44
 101   -57.10
 102   -58.03
 103   -58.19
 104   -58.65
 105   -58.55
 106   -56.86
 107   -56.94
 108   -57.16
 109   -55.80
 110   -55.39
 111   -55.05
 112   -54.79
 113   -52.35
 114   -51.87
 115   -51.90
 116   -51.07
 117   -49.65
 118   -49.03
 119   -49.07
 120   -48.12
 121   -47.58
 122   -46.08
 123   -45.88
 124   -44.68
 125   -44.09
 126   -42.53
 127   -42.47
 128   -41.98
 129   -41.96
 130   -40.78
 131   -40.30
 132   -39.50
 133   -40.32
 134   -39.65
 135   -40.13
 136   -38.21
 137   -37.23
 138   -37.07
 139   -36.04
 140   -36.56
 141   -36.61
 142   -35.23
 143   -35.13
 144   -34.80
 145   -34.20
 146   -33.45
 147   -33.52
 148   -32.16
 149   -30.92
 150   -30.73
 151   -29.24
 152   -27.65
 153   -26.80
 154   -26.10
 155   -26.11
 156   -25.46
 157   -24.10
 158   -24.25
 159   -23.17
 160   -21.15
 161   -20.88
 162   -19.93
 163   -18.91
 164   -18.66
 165   -18.06
 166   -17.03
 167   -15.31
 168   -14.41
 169   -14.11
 170   -12.17
 171   -12.47
 172   -11.51
 173   -11.81
 174   -10.41
 175   -10.15
 176    -9.28
 177    -8.31
 178    -8.26
 179    -7.96
 180    -7.10
 181    -6.18
 182    -6.66
 183    -4.99
 184    -4.69
 185    -3.24
 186    -2.62
 187    -3.60
 188    -2.75
 189    -2.18
 190    -2.44
 191    -2.46
 192    -1.20
 193    -1.83
 194    -1.03
 195    -1.37
 196    -1.34
 197    -0.65
 198    -0.43
 199    -0.20
 200     1.23
 201     1.34
 202     1.44
 203     2.39
 204     1.34
 205     1.22
 206     0.82
 207     1.02
 208     0.72
 209     1.55
 210     1.48
 211     0.78
 212     0.66
 213     0.47
 214     1.54
 215     0.47
 216     0.00
 217    -0.91
 218    -0.12
 219    -0.29
 220    -0.73
 221    -1.86
 222    -2.72
 223    -2.86
 224    -3.58
 225    -4.70
 226    -4.60
 227    -5.54
 228    -5.27
 229    -5.95
 230    -5.98
 231    -5.20
 232    -5.58
 233    -6.01
 234    -6.93
 235    -5.94
 236    -5.58
 237    -6.22
 238    -6.95
 239    -6.45
 240    -5.53
 241    -4.45
 242    -4.14
 243    -3.79
 244    -2.20
 245    -2.26
 246    -0.69
 247    -0.54
 248     1.00
 249     1.45
 250     2.05
 251     3.20
 252     3.60
 253     5.10
 254     6.90
 255     7.38
 256     8.52
 257     9.16
 258    10.01
 259    10.77
 260    11.35
 261    11.85
 262    12.56
 263    12.49
 264    14.68
 265    16.41
 266    16.31
 267    17.86
 268    21.78
 269    22.87
 270    22.60
 271    25.16
 272    26.22
 273    26.73
 274    28.82
 275    29.69
 276    31.58
 277    32.69
 278    33.19
 279    36.24
 280    38.00
 281    39.91
 282    41.46
 283    42.82
 284    46.11
 285    47.86
 286    49.10
 287    49.04
 288    49.10
 289    51.09
 290    50.93
 291    52.17
 292    53.54
 293    53.56
 294    54.02
 295    54.18
 296    54.65
 297    54.40
 298    54.71
 299    54.28
 300    55.17
 301    55.48
 302    56.96
 303    56.58
 304    56.82
 305    57.51
 306    56.80
 307    56.45
 308    55.93
 309    55.58
 310    55.71
 311    55.28
 312    54.62
 313    53.90
 314    52.91
 315    52.11
 316    51.57
 317    50.40
 318    49.81
 319    48.78
 320    47.84
 321    47.03
 322    46.54
 323    45.53
 324    44.43
 325    43.70
 326    42.87
 327    42.20
 328    41.06
 329    40.27
 330    39.06
 331    38.12
 332    36.94
 333    35.69
 334    34.47
 335    33.41
 336    32.74
 337    31.89
 338    31.02
 339    29.84
 340    28.93
 341    27.67
 342    26.56
 343    25.49
 344    24.23
 345    23.08
 346    22.12
 347    21.24
 348    20.22
 349    19.70
 350    18.73
 351    17.47
 352    16.22
 353    14.96
 354    13.71
 355    12.72
 356    11.48
 357    10.60
 358     9.38
 359     8.13
 360     6.87
 361     5.71
 362     4.46
 363     3.24
 364     1.99
 365     0.73
 366    -0.01
