  01    -0.94
  02    -1.88
  03    -2.82
  04    -3.76
  05    -4.69
  06    -5.63
  07    -6.57
  08    -7.51
  09    -8.45
  10    -9.39
  11   -10.33
  12   -11.27
  13   -12.21
  14   -13.15
  15   -14.08
  16   -15.02
  17   -15.96
  18   -16.90
  19   -17.84
  20   -18.78
  21   -19.72
  22   -20.66
  23   -21.60
  24   -22.54
  25   -23.47
  26   -24.41
  27   -25.35
  28   -26.29
  29   -27.23
  30   -28.17
  31   -29.11
  32   -30.05
  33   -30.99
  34   -31.93
  35   -32.86
  36   -33.79
  37   -34.71
  38   -35.65
  39   -36.59
  40   -37.52
  41   -38.46
  42   -39.38
  43   -40.25
  44   -41.04
  45   -41.94
  46   -42.80
  47   -43.64
  48   -44.56
  49   -45.49
  50   -46.42
  51   -47.34
  52   -48.28
  53   -49.20
  54   -50.12
  55   -51.06
  56   -51.96
  57   -52.88
  58   -53.80
  59   -54.74
  60   -55.57
  61   -56.31
  62   -57.19
  63   -57.79
  64   -58.65
  65   -59.55
  66   -60.45
  67   -61.37
  68   -62.20
  69   -63.07
  70   -63.85
  71   -64.58
  72   -65.36
  73   -66.21
  74   -67.04
  75   -67.90
  76   -68.68
  77   -69.58
  78   -70.48
  79   -71.32
  80   -72.16
  81   -72.95
  82   -73.67
  83   -74.35
  84   -75.17
  85   -75.94
  86   -76.60
  87   -77.39
  88   -77.98
  89   -78.76
  90   -79.48
  91   -80.31
  92   -81.01
  93   -81.77
  94   -82.44
  95   -83.19
  96   -83.89
  97   -84.61
  98   -85.22
  99   -85.82
 100   -86.53
 101   -87.12
 102   -87.52
 103   -88.10
 104   -88.73
 105   -89.31
 106   -89.62
 107   -90.30
 108   -90.95
 109   -91.50
 110   -91.90
 111   -92.21
 112   -92.66
 113   -93.11
 114   -92.78
 115   -93.24
 116   -93.36
 117   -93.43
 118   -93.83
 119   -93.91
 120   -94.17
 121   -94.64
 122   -94.69
 123   -94.94
 124   -95.34
 125   -95.47
 126   -95.47
 127   -94.03
 128   -94.65
 129   -94.88
 130   -94.57
 131   -94.71
 132   -94.67
 133   -94.61
 134   -94.80
 135   -94.83
 136   -94.69
 137   -94.40
 138   -94.26
 139   -93.63
 140   -91.34
 141   -89.06
 142   -88.61
 143   -88.22
 144   -88.14
 145   -87.81
 146   -87.36
 147   -87.05
 148   -86.26
 149   -85.90
 150   -84.86
 151   -84.42
 152   -81.78
 153   -80.87
 154   -80.18
 155   -79.70
 156   -78.78
 157   -78.30
 158   -77.42
 159   -77.42
 160   -76.57
 161   -75.81
 162   -75.59
 163   -75.69
 164   -75.35
 165   -74.78
 166   -74.35
 167   -74.28
 168   -73.70
 169   -71.40
 170   -70.99
 171   -70.94
 172   -70.30
 173   -69.29
 174   -69.21
 175   -68.09
 176   -67.01
 177   -65.85
 178   -65.76
 179   -65.40
 180   -64.85
 181   -64.49
 182   -63.13
 183   -62.48
 184   -62.42
 185   -61.83
 186   -60.34
 187   -59.76
 188   -59.74
 189   -59.40
 190   -58.70
 191   -57.49
 192   -57.00
 193   -56.60
 194   -56.39
 195   -56.49
 196   -55.59
 197   -54.34
 198   -54.45
 199   -53.75
 200   -52.96
 201   -52.24
 202   -51.73
 203   -50.57
 204   -49.64
 205   -49.60
 206   -48.22
 207   -48.20
 208   -47.76
 209   -47.40
 210   -46.76
 211   -46.30
 212   -45.18
 213   -44.39
 214   -43.81
 215   -42.82
 216   -42.04
 217   -41.55
 218   -40.92
 219   -39.18
 220   -38.47
 221   -37.93
 222   -38.35
 223   -38.34
 224   -36.39
 225   -35.65
 226   -35.00
 227   -34.25
 228   -33.90
 229   -32.98
 230   -31.58
 231   -30.97
 232   -29.38
 233   -28.95
 234   -27.67
 235   -24.68
 236   -23.62
 237   -22.61
 238   -22.42
 239   -20.49
 240   -20.67
 241   -19.90
 242   -19.86
 243   -19.03
 244   -16.60
 245   -14.32
 246   -14.11
 247   -13.26
 248   -12.19
 249   -10.39
 250    -7.02
 251    -6.44
 252    -5.53
 253    -4.21
 254    -1.33
 255     2.25
 256     2.94
 257     4.70
 258     5.86
 259     7.56
 260    10.02
 261    12.18
 262    12.94
 263    14.22
 264    15.70
 265    17.94
 266    19.60
 267    22.15
 268    24.05
 269    26.04
 270    27.73
 271    29.05
 272    30.67
 273    32.38
 274    33.50
 275    35.16
 276    37.27
 277    38.98
 278    39.77
 279    40.24
 280    42.22
 281    44.31
 282    45.54
 283    46.72
 284    47.26
 285    47.97
 286    48.35
 287    49.52
 288    51.03
 289    52.86
 290    52.81
 291    53.03
 292    54.29
 293    54.12
 294    54.62
 295    54.54
 296    54.85
 297    55.19
 298    54.73
 299    54.90
 300    55.20
 301    55.89
 302    55.50
 303    55.32
 304    54.79
 305    54.03
 306    53.69
 307    53.03
 308    52.51
 309    51.93
 310    51.31
 311    50.50
 312    49.64
 313    48.94
 314    48.10
 315    47.27
 316    46.49
 317    45.75
 318    45.01
 319    44.09
 320    43.19
 321    42.26
 322    41.32
 323    40.38
 324    39.44
 325    38.50
 326    37.57
 327    36.63
 328    35.69
 329    34.75
 330    33.81
 331    32.87
 332    31.93
 333    30.99
 334    30.05
 335    29.11
 336    28.18
 337    27.24
 338    26.30
 339    25.36
 340    24.42
 341    23.48
 342    22.54
 343    21.60
 344    20.66
 345    19.72
 346    18.79
 347    17.85
 348    16.91
 349    15.97
 350    15.03
 351    14.09
 352    13.15
 353    12.21
 354    11.27
 355    10.33
 356     9.40
 357     8.46
 358     7.52
 359     6.58
 360     5.64
 361     4.70
 362     3.76
 363     2.82
 364     1.88
 365     0.94
 366     0.01
