  01    -1.23
  02    -2.47
  03    -3.70
  04    -4.94
  05    -6.16
  06    -7.38
  07    -8.62
  08    -9.79
  09   -11.02
  10   -12.26
  11   -13.49
  12   -14.55
  13   -15.78
  14   -17.01
  15   -18.24
  16   -19.47
  17   -20.65
  18   -21.89
  19   -23.10
  20   -23.66
  21   -24.88
  22   -26.08
  23   -27.31
  24   -28.51
  25   -29.20
  26   -29.94
  27   -31.18
  28   -32.41
  29   -33.34
  30   -34.55
  31   -35.51
  32   -36.38
  33   -37.14
  34   -38.38
  35   -39.59
  36   -40.26
  37   -41.29
  38   -42.45
  39   -43.57
  40   -44.69
  41   -45.42
  42   -46.26
  43   -47.31
  44   -48.38
  45   -48.40
  46   -49.13
  47   -50.07
  48   -50.79
  49   -51.98
  50   -53.14
  51   -53.54
  52   -54.61
  53   -55.66
  54   -56.48
  55   -57.55
  56   -58.29
  57   -57.80
  58   -58.85
  59   -59.69
  60   -59.89
  61   -60.53
  62   -60.42
  63   -61.51
  64   -62.33
  65   -63.41
  66   -64.00
  67   -63.32
  68   -62.94
  69   -63.24
  70   -64.07
  71   -64.47
  72   -64.44
  73   -65.15
  74   -64.96
  75   -65.65
  76   -66.11
  77   -65.99
  78   -65.42
  79   -66.21
  80   -65.53
  81   -64.42
  82   -64.66
  83   -63.93
  84   -64.65
  85   -64.00
  86   -64.78
  87   -65.19
  88   -63.85
  89   -64.53
  90   -64.87
  91   -64.44
  92   -63.84
  93   -64.52
  94   -64.81
  95   -65.12
  96   -63.14
  97   -61.83
  98   -60.31
  99   -58.24
 100   -57.86
 101   -57.29
 102   -56.42
 103   -55.58
 104   -54.93
 105   -54.38
 106   -54.07
 107   -53.78
 108   -53.85
 109   -52.06
 110   -51.63
 111   -50.96
 112   -50.28
 113   -48.00
 114   -47.83
 115   -48.30
 116   -47.34
 117   -46.48
 118   -45.80
 119   -46.17
 120   -44.92
 121   -43.15
 122   -42.58
 123   -42.45
 124   -41.60
 125   -42.09
 126   -41.76
 127   -41.04
 128   -39.91
 129   -38.81
 130   -38.99
 131   -37.96
 132   -37.87
 133   -36.85
 134   -37.35
 135   -37.01
 136   -37.21
 137   -36.20
 138   -35.69
 139   -34.97
 140   -32.86
 141   -32.55
 142   -31.51
 143   -30.98
 144   -30.61
 145   -29.58
 146   -27.89
 147   -25.89
 148   -25.64
 149   -23.68
 150   -20.95
 151   -20.14
 152   -17.76
 153   -16.87
 154   -16.39
 155   -15.36
 156   -15.34
 157   -13.66
 158   -12.67
 159   -11.80
 160   -10.42
 161    -9.44
 162    -9.66
 163    -9.61
 164    -9.10
 165    -8.34
 166    -7.85
 167    -6.70
 168    -6.60
 169    -4.88
 170    -4.00
 171    -3.79
 172    -4.20
 173    -4.04
 174    -3.13
 175    -1.49
 176    -1.38
 177    -1.08
 178    -0.47
 179    -0.68
 180    -0.74
 181    -0.91
 182    -1.12
 183    -1.12
 184     0.50
 185     1.49
 186     3.78
 187     3.48
 188     4.23
 189     5.89
 190     5.91
 191     6.43
 192     5.74
 193     5.85
 194     5.63
 195     6.63
 196     7.36
 197     7.91
 198     8.80
 199     7.86
 200     7.35
 201     9.45
 202     9.06
 203     8.53
 204     8.85
 205     7.99
 206     7.55
 207     6.57
 208     5.55
 209     4.60
 210     4.34
 211     4.15
 212     3.47
 213     3.25
 214     2.91
 215     2.85
 216     2.23
 217     1.66
 218     0.55
 219    -0.32
 220    -0.21
 221    -0.91
 222    -2.00
 223    -2.62
 224    -3.55
 225    -2.62
 226    -1.98
 227    -2.91
 228    -3.09
 229    -3.71
 230    -4.34
 231    -3.93
 232    -4.94
 233    -4.91
 234    -4.75
 235    -4.38
 236    -4.41
 237    -4.21
 238    -3.39
 239    -4.37
 240    -4.23
 241    -3.92
 242    -4.47
 243    -4.53
 244    -4.60
 245    -5.06
 246    -5.17
 247    -3.77
 248    -2.68
 249    -2.42
 250    -2.74
 251    -1.81
 252    -2.14
 253    -2.72
 254    -1.23
 255    -0.83
 256    -1.21
 257    -0.47
 258     0.68
 259     1.33
 260     2.20
 261     5.30
 262     6.18
 263     7.33
 264     9.57
 265    11.54
 266    13.18
 267    14.75
 268    15.91
 269    17.50
 270    19.36
 271    20.25
 272    21.39
 273    21.98
 274    22.90
 275    24.47
 276    27.53
 277    28.82
 278    29.15
 279    31.07
 280    34.00
 281    34.87
 282    35.41
 283    36.85
 284    39.54
 285    40.19
 286    41.95
 287    42.96
 288    42.59
 289    43.27
 290    44.93
 291    46.18
 292    46.55
 293    46.74
 294    47.09
 295    48.26
 296    49.33
 297    49.28
 298    48.94
 299    49.89
 300    51.08
 301    51.53
 302    51.40
 303    51.94
 304    52.65
 305    52.54
 306    51.98
 307    51.34
 308    51.90
 309    51.52
 310    51.23
 311    51.32
 312    51.24
 313    51.47
 314    50.74
 315    50.40
 316    50.19
 317    49.44
 318    48.49
 319    47.52
 320    46.79
 321    46.01
 322    45.32
 323    44.16
 324    43.32
 325    42.63
 326    41.49
 327    40.74
 328    39.63
 329    39.34
 330    38.97
 331    38.19
 332    37.27
 333    36.34
 334    35.28
 335    34.25
 336    33.48
 337    32.62
 338    31.71
 339    30.48
 340    29.47
 341    28.41
 342    27.29
 343    26.09
 344    25.25
 345    24.05
 346    23.58
 347    22.61
 348    21.45
 349    20.30
 350    19.07
 351    17.88
 352    16.66
 353    15.75
 354    14.51
 355    13.30
 356    12.08
 357    10.85
 358     9.70
 359     8.47
 360     7.23
 361     6.00
 362     4.91
 363     3.69
 364     2.47
 365     1.24
 366     0.00
