  01    -1.00
  02    -2.00
  03    -3.01
  04    -4.01
  05    -4.81
  06    -5.81
  07    -6.81
  08    -7.59
  09    -8.59
  10    -9.59
  11   -10.60
  12   -11.60
  13   -12.60
  14   -13.61
  15   -14.55
  16   -15.56
  17   -16.56
  18   -17.55
  19   -18.54
  20   -19.55
  21   -20.55
  22   -21.55
  23   -22.56
  24   -23.56
  25   -24.55
  26   -25.56
  27   -26.55
  28   -27.55
  29   -28.56
  30   -29.51
  31   -30.51
  32   -31.51
  33   -32.52
  34   -33.52
  35   -34.38
  36   -35.38
  37   -36.06
  38   -37.03
  39   -37.94
  40   -38.91
  41   -39.91
  42   -40.80
  43   -41.64
  44   -42.64
  45   -43.64
  46   -44.29
  47   -45.05
  48   -46.05
  49   -47.05
  50   -48.03
  51   -49.03
  52   -50.03
  53   -50.81
  54   -51.82
  55   -52.57
  56   -53.57
  57   -54.58
  58   -55.58
  59   -56.55
  60   -57.33
  61   -57.93
  62   -58.77
  63   -59.77
  64   -59.81
  65   -60.81
  66   -61.36
  67   -62.34
  68   -62.85
  69   -63.76
  70   -63.74
  71   -64.56
  72   -64.37
  73   -65.15
  74   -65.63
  75   -65.86
  76   -66.46
  77   -66.29
  78   -67.21
  79   -67.93
  80   -68.61
  81   -68.69
  82   -69.38
  83   -69.60
  84   -70.02
  85   -70.60
  86   -70.90
  87   -71.08
  88   -71.07
  89   -71.25
  90   -69.83
  91   -70.28
  92   -70.90
  93   -71.55
  94   -71.69
  95   -71.20
  96   -72.17
  97   -73.06
  98   -73.92
  99   -74.47
 100   -75.01
 101   -75.25
 102   -75.25
 103   -75.20
 104   -75.42
 105   -76.26
 106   -76.66
 107   -77.32
 108   -77.63
 109   -76.78
 110   -77.12
 111   -77.28
 112   -76.89
 113   -77.04
 114   -77.66
 115   -77.93
 116   -78.21
 117   -78.39
 118   -77.70
 119   -76.70
 120   -76.91
 121   -76.67
 122   -76.87
 123   -76.69
 124   -77.10
 125   -76.82
 126   -76.71
 127   -76.47
 128   -76.60
 129   -75.87
 130   -75.36
 131   -75.25
 132   -75.53
 133   -75.56
 134   -75.28
 135   -74.98
 136   -73.98
 137   -74.21
 138   -73.48
 139   -73.73
 140   -73.92
 141   -74.43
 142   -72.84
 143   -72.10
 144   -72.12
 145   -71.57
 146   -71.39
 147   -70.93
 148   -70.63
 149   -70.06
 150   -70.41
 151   -70.15
 152   -68.89
 153   -68.05
 154   -67.84
 155   -67.70
 156   -67.13
 157   -65.65
 158   -65.28
 159   -64.56
 160   -62.94
 161   -62.86
 162   -62.26
 163   -61.91
 164   -61.36
 165   -61.43
 166   -60.14
 167   -59.94
 168   -58.75
 169   -57.40
 170   -54.80
 171   -53.74
 172   -53.25
 173   -52.49
 174   -52.24
 175   -51.94
 176   -51.28
 177   -49.85
 178   -49.70
 179   -49.67
 180   -50.03
 181   -49.30
 182   -49.20
 183   -48.90
 184   -46.60
 185   -46.13
 186   -45.04
 187   -44.69
 188   -44.14
 189   -43.93
 190   -43.49
 191   -42.86
 192   -41.50
 193   -41.56
 194   -38.59
 195   -37.74
 196   -37.09
 197   -35.95
 198   -34.47
 199   -33.54
 200   -32.65
 201   -32.19
 202   -30.28
 203   -28.74
 204   -27.85
 205   -27.64
 206   -26.74
 207   -27.10
 208   -26.03
 209   -25.40
 210   -25.14
 211   -24.66
 212   -21.51
 213   -20.96
 214   -20.39
 215   -20.52
 216   -19.74
 217   -19.37
 218   -18.98
 219   -18.91
 220   -18.93
 221   -18.02
 222   -16.17
 223   -15.43
 224   -14.51
 225   -13.26
 226   -13.14
 227   -11.58
 228    -8.40
 229    -7.97
 230    -7.40
 231    -5.48
 232    -3.67
 233    -2.74
 234    -1.21
 235    -0.11
 236     1.37
 237     3.71
 238     6.26
 239     7.25
 240     7.45
 241     8.83
 242     9.97
 243    11.82
 244    13.45
 245    14.45
 246    17.45
 247    18.83
 248    20.87
 249    22.63
 250    24.80
 251    28.75
 252    30.53
 253    32.48
 254    34.73
 255    35.76
 256    36.40
 257    39.03
 258    42.97
 259    43.66
 260    44.84
 261    45.22
 262    46.03
 263    46.46
 264    48.19
 265    49.52
 266    50.36
 267    51.07
 268    51.66
 269    53.44
 270    54.10
 271    55.17
 272    56.02
 273    55.90
 274    56.62
 275    58.07
 276    59.00
 277    59.80
 278    59.78
 279    60.33
 280    60.53
 281    60.41
 282    60.10
 283    59.67
 284    61.13
 285    60.89
 286    60.88
 287    60.87
 288    60.79
 289    61.05
 290    60.65
 291    60.43
 292    60.40
 293    60.07
 294    60.16
 295    60.44
 296    59.71
 297    58.82
 298    58.01
 299    57.78
 300    57.74
 301    57.56
 302    57.00
 303    56.28
 304    56.24
 305    55.72
 306    54.73
 307    53.81
 308    52.98
 309    52.15
 310    51.90
 311    50.92
 312    50.07
 313    49.08
 314    48.09
 315    47.09
 316    46.26
 317    45.26
 318    44.26
 319    43.26
 320    42.26
 321    41.26
 322    40.26
 323    39.26
 324    38.50
 325    37.50
 326    36.50
 327    35.51
 328    34.78
 329    33.81
 330    32.81
 331    31.80
 332    30.81
 333    29.80
 334    28.83
 335    28.26
 336    27.26
 337    26.28
 338    25.28
 339    24.83
 340    24.02
 341    23.02
 342    22.02
 343    21.02
 344    20.45
 345    19.59
 346    18.60
 347    18.41
 348    17.43
 349    16.49
 350    15.49
 351    14.49
 352    13.55
 353    12.58
 354    11.64
 355    10.64
 356     9.86
 357     8.85
 358     7.85
 359     6.85
 360     5.86
 361     4.86
 362     3.86
 363     2.85
 364     1.85
 365     0.90
 366    -0.00
