  01    -0.98
  02    -1.95
  03    -2.93
  04    -3.91
  05    -4.88
  06    -5.86
  07    -6.84
  08    -7.81
  09    -8.79
  10    -9.54
  11   -10.51
  12   -11.49
  13   -12.47
  14   -13.44
  15   -13.98
  16   -14.96
  17   -15.93
  18   -16.90
  19   -17.87
  20   -18.52
  21   -19.40
  22   -20.37
  23   -21.35
  24   -22.33
  25   -23.30
  26   -24.28
  27   -25.20
  28   -26.18
  29   -27.15
  30   -28.01
  31   -28.98
  32   -29.96
  33   -30.93
  34   -31.91
  35   -32.89
  36   -33.83
  37   -34.81
  38   -35.78
  39   -36.76
  40   -37.74
  41   -38.70
  42   -39.68
  43   -40.50
  44   -41.32
  45   -42.22
  46   -43.11
  47   -44.07
  48   -45.04
  49   -46.02
  50   -46.53
  51   -46.79
  52   -47.71
  53   -48.68
  54   -49.64
  55   -50.58
  56   -51.54
  57   -52.45
  58   -53.13
  59   -53.52
  60   -53.88
  61   -54.47
  62   -54.64
  63   -55.61
  64   -56.59
  65   -57.57
  66   -58.54
  67   -59.51
  68   -59.93
  69   -60.52
  70   -61.40
  71   -61.61
  72   -62.48
  73   -63.32
  74   -63.61
  75   -64.52
  76   -64.62
  77   -65.37
  78   -66.34
  79   -67.16
  80   -67.79
  81   -67.38
  82   -67.75
  83   -68.36
  84   -69.08
  85   -69.92
  86   -70.42
  87   -71.02
  88   -71.68
  89   -72.48
  90   -73.01
  91   -73.05
  92   -73.51
  93   -74.07
  94   -73.68
  95   -73.92
  96   -73.25
  97   -74.09
  98   -74.98
  99   -74.90
 100   -75.67
 101   -75.15
 102   -75.90
 103   -76.02
 104   -76.62
 105   -77.36
 106   -76.65
 107   -77.00
 108   -77.69
 109   -77.12
 110   -77.03
 111   -76.35
 112   -76.27
 113   -76.07
 114   -76.03
 115   -76.83
 116   -76.42
 117   -75.85
 118   -74.90
 119   -74.83
 120   -74.24
 121   -74.13
 122   -73.21
 123   -72.27
 124   -71.71
 125   -72.01
 126   -72.53
 127   -72.41
 128   -73.00
 129   -73.36
 130   -73.54
 131   -72.23
 132   -72.22
 133   -72.13
 134   -72.95
 135   -72.50
 136   -72.42
 137   -72.82
 138   -72.14
 139   -72.47
 140   -72.48
 141   -72.11
 142   -72.27
 143   -72.64
 144   -72.68
 145   -71.56
 146   -71.62
 147   -71.97
 148   -72.57
 149   -72.32
 150   -72.16
 151   -71.33
 152   -69.53
 153   -69.03
 154   -67.36
 155   -66.66
 156   -66.62
 157   -66.19
 158   -65.34
 159   -64.68
 160   -64.14
 161   -63.74
 162   -63.88
 163   -63.30
 164   -62.91
 165   -62.66
 166   -62.31
 167   -60.96
 168   -59.70
 169   -59.44
 170   -58.80
 171   -57.69
 172   -56.87
 173   -55.85
 174   -55.44
 175   -52.84
 176   -52.23
 177   -51.87
 178   -51.72
 179   -51.44
 180   -51.33
 181   -49.54
 182   -47.64
 183   -47.61
 184   -45.94
 185   -45.97
 186   -44.91
 187   -44.68
 188   -44.84
 189   -45.01
 190   -43.64
 191   -43.45
 192   -43.65
 193   -43.33
 194   -43.22
 195   -41.28
 196   -39.11
 197   -39.04
 198   -38.09
 199   -36.48
 200   -35.71
 201   -32.35
 202   -31.85
 203   -30.49
 204   -29.07
 205   -27.98
 206   -27.41
 207   -26.33
 208   -26.13
 209   -25.63
 210   -24.65
 211   -24.07
 212   -24.37
 213   -23.45
 214   -22.58
 215   -22.49
 216   -21.33
 217   -20.80
 218   -20.81
 219   -21.22
 220   -20.09
 221   -19.31
 222   -18.09
 223   -17.28
 224   -15.06
 225   -11.92
 226   -11.05
 227   -10.57
 228    -8.91
 229    -8.47
 230    -8.62
 231    -6.83
 232    -5.05
 233    -3.83
 234    -2.43
 235    -1.80
 236    -0.37
 237     1.12
 238     3.45
 239     4.28
 240     5.76
 241     7.23
 242     9.03
 243    10.01
 244    11.35
 245    12.73
 246    14.96
 247    17.70
 248    19.47
 249    22.42
 250    23.07
 251    25.45
 252    26.11
 253    29.31
 254    30.85
 255    32.00
 256    33.62
 257    34.21
 258    36.23
 259    37.65
 260    39.07
 261    41.39
 262    42.40
 263    43.70
 264    44.99
 265    46.88
 266    47.68
 267    47.93
 268    48.89
 269    49.10
 270    50.57
 271    52.90
 272    53.44
 273    54.95
 274    55.71
 275    57.09
 276    57.79
 277    59.83
 278    59.85
 279    60.97
 280    61.56
 281    63.08
 282    63.53
 283    63.01
 284    62.92
 285    62.95
 286    63.51
 287    64.29
 288    64.76
 289    64.32
 290    63.90
 291    64.29
 292    63.85
 293    63.75
 294    63.13
 295    63.66
 296    63.24
 297    62.76
 298    61.94
 299    61.71
 300    61.65
 301    60.91
 302    60.20
 303    59.40
 304    58.80
 305    57.82
 306    56.85
 307    56.04
 308    55.26
 309    54.33
 310    53.36
 311    52.62
 312    51.71
 313    50.93
 314    49.95
 315    49.00
 316    48.04
 317    47.09
 318    46.11
 319    45.14
 320    44.16
 321    43.18
 322    42.21
 323    41.23
 324    40.26
 325    39.32
 326    38.34
 327    37.36
 328    36.39
 329    35.47
 330    34.55
 331    33.58
 332    33.03
 333    32.07
 334    31.09
 335    30.12
 336    29.18
 337    28.27
 338    27.29
 339    26.31
 340    25.34
 341    24.36
 342    23.40
 343    22.42
 344    21.45
 345    20.47
 346    19.49
 347    18.52
 348    17.54
 349    16.56
 350    15.59
 351    14.63
 352    13.65
 353    12.68
 354    11.70
 355    10.73
 356     9.76
 357     8.78
 358     7.81
 359     6.84
 360     5.86
 361     4.88
 362     3.91
 363     2.93
 364     1.95
 365     0.98
 366    -0.00
