  01    -0.76
  02    -1.51
  03    -2.27
  04    -3.02
  05    -3.78
  06    -4.53
  07    -5.29
  08    -6.04
  09    -6.80
  10    -7.55
  11    -8.31
  12    -9.06
  13    -9.82
  14   -10.58
  15   -11.33
  16   -12.09
  17   -12.84
  18   -13.60
  19   -14.35
  20   -15.11
  21   -15.86
  22   -16.62
  23   -17.37
  24   -18.13
  25   -18.89
  26   -19.64
  27   -20.40
  28   -21.15
  29   -21.91
  30   -22.66
  31   -23.42
  32   -24.17
  33   -24.93
  34   -25.68
  35   -26.44
  36   -27.19
  37   -27.95
  38   -28.71
  39   -29.46
  40   -30.22
  41   -30.97
  42   -31.72
  43   -32.47
  44   -33.11
  45   -33.80
  46   -34.54
  47   -35.30
  48   -36.05
  49   -36.79
  50   -37.47
  51   -38.23
  52   -38.98
  53   -39.73
  54   -40.49
  55   -41.24
  56   -42.00
  57   -42.75
  58   -43.50
  59   -44.25
  60   -45.00
  61   -45.69
  62   -46.38
  63   -47.06
  64   -47.80
  65   -48.56
  66   -49.31
  67   -50.06
  68   -50.81
  69   -51.55
  70   -52.28
  71   -53.02
  72   -53.77
  73   -54.51
  74   -55.22
  75   -55.96
  76   -56.70
  77   -57.45
  78   -58.16
  79   -58.89
  80   -59.61
  81   -60.32
  82   -60.98
  83   -61.71
  84   -62.37
  85   -62.98
  86   -63.60
  87   -64.28
  88   -64.94
  89   -65.62
  90   -66.33
  91   -67.08
  92   -67.70
  93   -68.27
  94   -68.91
  95   -69.51
  96   -70.15
  97   -70.72
  98   -71.23
  99   -71.82
 100   -72.46
 101   -72.99
 102   -73.55
 103   -74.14
 104   -74.64
 105   -75.12
 106   -75.41
 107   -75.70
 108   -76.24
 109   -76.57
 110   -77.01
 111   -77.48
 112   -77.83
 113   -78.16
 114   -78.55
 115   -79.07
 116   -79.49
 117   -79.89
 118   -80.32
 119   -80.20
 120   -80.67
 121   -81.03
 122   -81.27
 123   -81.61
 124   -81.95
 125   -81.07
 126   -81.07
 127   -81.52
 128   -81.96
 129   -82.45
 130   -82.57
 131   -82.80
 132   -82.80
 133   -82.98
 134   -83.20
 135   -83.66
 136   -83.47
 137   -83.46
 138   -82.89
 139   -82.88
 140   -81.84
 141   -81.95
 142   -81.88
 143   -82.00
 144   -82.22
 145   -82.06
 146   -81.03
 147   -80.13
 148   -79.96
 149   -79.80
 150   -79.03
 151   -78.90
 152   -78.37
 153   -77.69
 154   -77.36
 155   -77.29
 156   -77.27
 157   -77.31
 158   -77.37
 159   -76.97
 160   -76.17
 161   -75.49
 162   -75.50
 163   -75.39
 164   -74.74
 165   -74.58
 166   -74.70
 167   -74.29
 168   -74.02
 169   -73.16
 170   -72.59
 171   -72.49
 172   -72.58
 173   -72.35
 174   -71.41
 175   -70.81
 176   -70.82
 177   -70.64
 178   -70.90
 179   -70.82
 180   -70.73
 181   -70.04
 182   -69.56
 183   -69.60
 184   -69.54
 185   -69.09
 186   -67.87
 187   -67.67
 188   -66.88
 189   -66.64
 190   -66.50
 191   -66.28
 192   -66.15
 193   -65.97
 194   -66.00
 195   -65.98
 196   -65.63
 197   -65.15
 198   -64.23
 199   -63.75
 200   -63.37
 201   -62.61
 202   -62.28
 203   -62.17
 204   -62.05
 205   -61.69
 206   -61.42
 207   -60.29
 208   -59.98
 209   -59.20
 210   -56.80
 211   -56.39
 212   -56.15
 213   -55.72
 214   -54.95
 215   -54.34
 216   -54.00
 217   -52.86
 218   -52.61
 219   -51.81
 220   -48.04
 221   -47.77
 222   -45.44
 223   -44.25
 224   -43.13
 225   -43.02
 226   -41.76
 227   -40.81
 228   -40.02
 229   -39.45
 230   -38.57
 231   -38.86
 232   -37.80
 233   -35.39
 234   -33.59
 235   -33.12
 236   -31.96
 237   -30.48
 238   -27.09
 239   -26.53
 240   -25.79
 241   -19.82
 242   -19.82
 243   -16.72
 244   -15.30
 245   -13.88
 246   -11.09
 247    -9.73
 248    -8.59
 249    -3.96
 250    -2.95
 251    -1.14
 252     1.46
 253     3.80
 254     6.37
 255     7.95
 256     9.34
 257    10.71
 258    10.96
 259    13.34
 260    14.52
 261    14.88
 262    15.14
 263    16.32
 264    17.66
 265    18.97
 266    22.43
 267    27.43
 268    28.18
 269    30.09
 270    32.28
 271    33.48
 272    35.90
 273    36.52
 274    38.26
 275    38.60
 276    39.44
 277    40.80
 278    41.17
 279    41.37
 280    42.42
 281    43.62
 282    44.28
 283    45.24
 284    45.62
 285    45.72
 286    45.89
 287    46.00
 288    46.28
 289    46.26
 290    46.34
 291    46.06
 292    47.86
 293    49.13
 294    49.04
 295    48.83
 296    48.48
 297    48.74
 298    48.43
 299    47.95
 300    48.02
 301    47.62
 302    47.03
 303    46.52
 304    45.80
 305    45.13
 306    44.52
 307    43.87
 308    43.25
 309    42.68
 310    42.01
 311    41.32
 312    40.58
 313    39.88
 314    39.19
 315    38.46
 316    37.72
 317    36.97
 318    36.25
 319    35.50
 320    34.74
 321    33.99
 322    33.23
 323    32.47
 324    31.72
 325    30.96
 326    30.21
 327    29.45
 328    28.70
 329    27.94
 330    27.19
 331    26.43
 332    25.68
 333    24.92
 334    24.17
 335    23.41
 336    22.65
 337    21.90
 338    21.14
 339    20.39
 340    19.63
 341    18.88
 342    18.12
 343    17.37
 344    16.61
 345    15.86
 346    15.10
 347    14.34
 348    13.59
 349    12.83
 350    12.08
 351    11.32
 352    10.57
 353     9.81
 354     9.06
 355     8.30
 356     7.55
 357     6.79
 358     6.04
 359     5.28
 360     4.52
 361     3.77
 362     3.01
 363     2.26
 364     1.50
 365     0.75
 366    -0.01
