  01    -0.72
  02    -1.43
  03    -2.15
  04    -2.87
  05    -3.59
  06    -4.30
  07    -5.02
  08    -5.74
  09    -6.46
  10    -7.17
  11    -7.89
  12    -8.61
  13    -9.33
  14   -10.04
  15   -10.76
  16   -11.48
  17   -12.20
  18   -12.91
  19   -13.63
  20   -14.35
  21   -15.07
  22   -15.78
  23   -16.50
  24   -17.22
  25   -17.93
  26   -18.65
  27   -19.37
  28   -20.09
  29   -20.80
  30   -21.52
  31   -22.24
  32   -22.96
  33   -23.67
  34   -24.39
  35   -25.11
  36   -25.83
  37   -26.54
  38   -27.26
  39   -27.98
  40   -28.70
  41   -29.41
  42   -30.13
  43   -30.85
  44   -31.55
  45   -32.26
  46   -32.96
  47   -33.67
  48   -34.39
  49   -35.11
  50   -35.83
  51   -36.54
  52   -37.26
  53   -37.98
  54   -38.70
  55   -39.41
  56   -40.13
  57   -40.85
  58   -41.57
  59   -42.28
  60   -43.00
  61   -43.72
  62   -44.43
  63   -45.12
  64   -45.84
  65   -46.56
  66   -47.27
  67   -47.99
  68   -48.71
  69   -49.43
  70   -50.13
  71   -50.85
  72   -51.57
  73   -52.29
  74   -52.99
  75   -53.70
  76   -54.42
  77   -55.12
  78   -55.84
  79   -56.56
  80   -57.28
  81   -57.98
  82   -58.69
  83   -59.40
  84   -60.07
  85   -60.72
  86   -61.40
  87   -62.11
  88   -62.82
  89   -63.49
  90   -64.19
  91   -64.90
  92   -65.54
  93   -66.22
  94   -66.90
  95   -67.45
  96   -68.11
  97   -68.74
  98   -69.41
  99   -70.08
 100   -70.74
 101   -71.32
 102   -71.93
 103   -72.51
 104   -73.16
 105   -73.77
 106   -74.22
 107   -74.79
 108   -75.22
 109   -75.82
 110   -76.27
 111   -76.73
 112   -77.29
 113   -77.77
 114   -78.21
 115   -78.79
 116   -79.37
 117   -79.83
 118   -80.23
 119   -80.59
 120   -81.02
 121   -81.55
 122   -81.97
 123   -82.47
 124   -82.97
 125   -83.30
 126   -83.75
 127   -84.10
 128   -84.47
 129   -84.46
 130   -84.43
 131   -84.67
 132   -84.67
 133   -84.95
 134   -85.15
 135   -85.42
 136   -85.65
 137   -85.72
 138   -85.63
 139   -85.53
 140   -85.40
 141   -85.33
 142   -85.16
 143   -85.41
 144   -85.31
 145   -84.97
 146   -84.43
 147   -84.00
 148   -83.72
 149   -83.06
 150   -82.81
 151   -81.60
 152   -81.42
 153   -81.03
 154   -80.49
 155   -80.58
 156   -80.61
 157   -80.58
 158   -79.78
 159   -79.68
 160   -76.20
 161   -75.53
 162   -75.08
 163   -75.43
 164   -75.08
 165   -75.17
 166   -75.39
 167   -75.44
 168   -73.86
 169   -73.63
 170   -73.20
 171   -73.11
 172   -73.09
 173   -72.35
 174   -72.01
 175   -71.83
 176   -71.72
 177   -71.68
 178   -71.76
 179   -71.66
 180   -71.27
 181   -70.90
 182   -70.42
 183   -70.44
 184   -69.69
 185   -69.30
 186   -68.97
 187   -68.88
 188   -68.39
 189   -67.92
 190   -67.37
 191   -66.81
 192   -65.68
 193   -65.88
 194   -65.74
 195   -65.40
 196   -64.30
 197   -63.86
 198   -63.27
 199   -62.87
 200   -62.26
 201   -61.85
 202   -61.38
 203   -61.01
 204   -59.75
 205   -59.53
 206   -59.38
 207   -58.63
 208   -58.43
 209   -57.71
 210   -54.41
 211   -53.09
 212   -51.46
 213   -50.15
 214   -50.00
 215   -48.30
 216   -47.65
 217   -47.06
 218   -46.66
 219   -45.60
 220   -43.81
 221   -42.09
 222   -40.14
 223   -40.23
 224   -38.17
 225   -37.70
 226   -36.40
 227   -35.84
 228   -35.40
 229   -32.16
 230   -28.82
 231   -27.81
 232   -27.09
 233   -25.73
 234   -20.90
 235   -19.83
 236   -18.83
 237   -15.52
 238   -13.82
 239   -12.43
 240   -10.30
 241    -5.00
 242    -4.35
 243    -2.68
 244    -0.42
 245     0.94
 246     4.67
 247     6.11
 248     7.22
 249     9.38
 250    11.65
 251    12.28
 252    14.08
 253    16.29
 254    21.25
 255    23.02
 256    23.98
 257    25.13
 258    26.56
 259    27.63
 260    28.65
 261    29.52
 262    30.84
 263    31.72
 264    33.70
 265    35.51
 266    37.53
 267    38.60
 268    39.33
 269    39.72
 270    40.35
 271    40.82
 272    41.74
 273    43.07
 274    43.84
 275    44.01
 276    43.74
 277    44.00
 278    44.85
 279    44.65
 280    45.15
 281    45.84
 282    46.38
 283    47.09
 284    46.90
 285    47.18
 286    47.51
 287    47.07
 288    46.73
 289    46.64
 290    46.46
 291    46.23
 292    48.22
 293    48.85
 294    48.89
 295    48.54
 296    48.05
 297    47.56
 298    47.20
 299    46.80
 300    46.26
 301    45.88
 302    45.21
 303    44.63
 304    43.97
 305    43.28
 306    42.61
 307    42.00
 308    41.41
 309    40.81
 310    40.11
 311    39.43
 312    38.71
 313    37.99
 314    37.28
 315    36.56
 316    35.85
 317    35.13
 318    34.44
 319    33.72
 320    33.00
 321    32.29
 322    31.57
 323    30.85
 324    30.13
 325    29.42
 326    28.70
 327    27.98
 328    27.26
 329    26.55
 330    25.83
 331    25.11
 332    24.39
 333    23.68
 334    22.96
 335    22.24
 336    21.52
 337    20.81
 338    20.09
 339    19.37
 340    18.66
 341    17.94
 342    17.22
 343    16.50
 344    15.79
 345    15.07
 346    14.35
 347    13.63
 348    12.92
 349    12.20
 350    11.48
 351    10.76
 352    10.05
 353     9.33
 354     8.61
 355     7.89
 356     7.18
 357     6.46
 358     5.74
 359     5.02
 360     4.31
 361     3.59
 362     2.87
 363     2.16
 364     1.44
 365     0.72
 366     0.00
