  01    -0.84
  02    -1.69
  03    -2.53
  04    -3.37
  05    -4.21
  06    -5.06
  07    -5.90
  08    -6.74
  09    -7.59
  10    -8.43
  11    -9.27
  12   -10.11
  13   -10.96
  14   -11.80
  15   -12.64
  16   -13.48
  17   -14.33
  18   -15.17
  19   -16.01
  20   -16.84
  21   -17.68
  22   -18.52
  23   -19.37
  24   -20.21
  25   -21.05
  26   -21.89
  27   -22.74
  28   -23.58
  29   -24.42
  30   -25.27
  31   -26.11
  32   -26.95
  33   -27.78
  34   -28.61
  35   -29.45
  36   -30.30
  37   -31.14
  38   -31.98
  39   -32.82
  40   -33.67
  41   -34.51
  42   -35.16
  43   -35.85
  44   -36.69
  45   -37.54
  46   -38.38
  47   -38.93
  48   -39.69
  49   -40.53
  50   -41.33
  51   -42.12
  52   -42.95
  53   -43.79
  54   -44.62
  55   -45.43
  56   -46.27
  57   -47.02
  58   -47.85
  59   -48.69
  60   -49.54
  61   -50.29
  62   -51.13
  63   -51.98
  64   -52.82
  65   -53.66
  66   -54.51
  67   -55.35
  68   -56.16
  69   -57.01
  70   -57.85
  71   -58.38
  72   -58.83
  73   -59.56
  74   -60.25
  75   -61.01
  76   -61.85
  77   -62.23
  78   -63.07
  79   -63.83
  80   -64.27
  81   -64.57
  82   -65.16
  83   -65.86
  84   -66.66
  85   -67.48
  86   -67.63
  87   -68.45
  88   -69.20
  89   -69.66
  90   -69.85
  91   -70.47
  92   -71.31
  93   -72.08
  94   -72.69
  95   -73.42
  96   -74.18
  97   -74.69
  98   -75.44
  99   -75.37
 100   -75.79
 101   -75.50
 102   -76.24
 103   -76.42
 104   -76.89
 105   -77.54
 106   -77.78
 107   -78.02
 108   -78.47
 109   -78.40
 110   -79.02
 111   -79.54
 112   -79.18
 113   -79.22
 114   -80.01
 115   -80.51
 116   -81.01
 117   -81.09
 118   -81.00
 119   -80.91
 120   -80.55
 121   -80.40
 122   -80.71
 123   -80.73
 124   -80.10
 125   -79.88
 126   -79.76
 127   -79.72
 128   -79.67
 129   -80.22
 130   -79.45
 131   -79.66
 132   -79.65
 133   -77.91
 134   -78.22
 135   -77.43
 136   -78.04
 137   -77.53
 138   -77.53
 139   -77.52
 140   -77.01
 141   -76.81
 142   -76.67
 143   -75.88
 144   -75.92
 145   -75.18
 146   -74.99
 147   -74.89
 148   -75.13
 149   -74.56
 150   -74.77
 151   -73.04
 152   -72.81
 153   -72.48
 154   -71.54
 155   -71.81
 156   -72.40
 157   -72.21
 158   -71.73
 159   -70.81
 160   -70.18
 161   -69.58
 162   -69.41
 163   -69.14
 164   -68.56
 165   -67.87
 166   -67.08
 167   -66.09
 168   -65.00
 169   -65.29
 170   -63.92
 171   -63.38
 172   -62.69
 173   -62.84
 174   -62.62
 175   -61.90
 176   -59.84
 177   -59.30
 178   -59.70
 179   -59.42
 180   -58.80
 181   -58.19
 182   -58.06
 183   -57.94
 184   -56.33
 185   -56.35
 186   -56.51
 187   -55.04
 188   -55.23
 189   -54.79
 190   -54.73
 191   -54.82
 192   -53.25
 193   -53.35
 194   -53.05
 195   -51.79
 196   -50.96
 197   -49.01
 198   -47.14
 199   -46.68
 200   -45.23
 201   -43.08
 202   -42.64
 203   -39.98
 204   -39.33
 205   -37.74
 206   -36.06
 207   -35.19
 208   -35.21
 209   -34.92
 210   -33.85
 211   -32.51
 212   -31.75
 213   -30.31
 214   -29.35
 215   -28.02
 216   -26.80
 217   -24.66
 218   -23.78
 219   -23.37
 220   -20.88
 221   -20.89
 222   -18.58
 223   -18.30
 224   -16.92
 225   -13.53
 226   -10.29
 227    -8.88
 228    -6.43
 229    -3.73
 230    -2.81
 231    -0.49
 232     1.86
 233     3.25
 234     5.96
 235     8.31
 236    10.52
 237    12.28
 238    13.38
 239    14.76
 240    16.50
 241    18.42
 242    20.95
 243    22.89
 244    26.57
 245    27.95
 246    31.10
 247    32.21
 248    35.34
 249    38.07
 250    38.76
 251    39.84
 252    40.67
 253    40.77
 254    41.64
 255    43.10
 256    43.67
 257    44.09
 258    45.50
 259    47.27
 260    48.53
 261    49.64
 262    49.85
 263    51.29
 264    51.79
 265    53.31
 266    54.20
 267    54.22
 268    53.75
 269    55.21
 270    55.44
 271    55.25
 272    56.22
 273    56.62
 274    56.99
 275    58.09
 276    57.58
 277    57.79
 278    57.58
 279    57.71
 280    57.76
 281    58.44
 282    58.29
 283    58.16
 284    59.04
 285    59.30
 286    58.84
 287    58.33
 288    58.60
 289    58.08
 290    57.98
 291    57.89
 292    57.29
 293    57.26
 294    56.81
 295    56.30
 296    55.50
 297    54.82
 298    54.16
 299    53.48
 300    53.15
 301    52.66
 302    52.41
 303    51.71
 304    51.05
 305    50.31
 306    49.51
 307    48.69
 308    47.87
 309    47.11
 310    46.28
 311    45.44
 312    44.89
 313    44.08
 314    43.23
 315    42.53
 316    41.77
 317    40.93
 318    40.35
 319    39.51
 320    38.67
 321    37.83
 322    36.98
 323    36.15
 324    35.32
 325    34.48
 326    33.63
 327    32.79
 328    31.96
 329    31.12
 330    30.28
 331    29.44
 332    28.59
 333    27.75
 334    26.91
 335    26.06
 336    25.22
 337    24.38
 338    23.54
 339    22.70
 340    21.85
 341    21.01
 342    20.17
 343    19.32
 344    18.48
 345    17.64
 346    16.80
 347    15.96
 348    15.12
 349    14.28
 350    13.43
 351    12.59
 352    11.75
 353    10.91
 354    10.06
 355     9.23
 356     8.41
 357     7.58
 358     6.74
 359     5.90
 360     5.05
 361     4.21
 362     3.37
 363     2.53
 364     1.69
 365     0.85
 366     0.00
