  01    -0.86
  02    -1.73
  03    -2.59
  04    -3.46
  05    -4.32
  06    -5.19
  07    -5.73
  08    -6.59
  09    -7.46
  10    -8.32
  11    -9.18
  12   -10.05
  13   -10.91
  14   -11.78
  15   -12.64
  16   -13.51
  17   -14.37
  18   -15.23
  19   -16.10
  20   -16.96
  21   -17.82
  22   -18.68
  23   -19.55
  24   -20.41
  25   -21.28
  26   -22.14
  27   -23.01
  28   -23.87
  29   -24.73
  30   -25.60
  31   -26.46
  32   -27.33
  33   -28.19
  34   -29.06
  35   -29.92
  36   -30.42
  37   -31.28
  38   -32.15
  39   -33.01
  40   -33.87
  41   -34.74
  42   -35.60
  43   -36.47
  44   -37.33
  45   -38.20
  46   -39.02
  47   -39.85
  48   -40.71
  49   -41.58
  50   -42.44
  51   -43.30
  52   -44.17
  53   -45.03
  54   -45.90
  55   -45.61
  56   -46.47
  57   -47.32
  58   -47.56
  59   -48.28
  60   -49.14
  61   -50.00
  62   -50.87
  63   -51.71
  64   -52.40
  65   -53.26
  66   -54.09
  67   -54.94
  68   -55.59
  69   -56.44
  70   -56.80
  71   -57.62
  72   -58.48
  73   -59.29
  74   -59.79
  75   -60.65
  76   -61.40
  77   -62.19
  78   -62.72
  79   -63.54
  80   -64.25
  81   -64.85
  82   -65.59
  83   -66.44
  84   -67.31
  85   -68.08
  86   -68.41
  87   -68.70
  88   -69.43
  89   -69.91
  90   -70.68
  91   -70.13
  92   -70.45
  93   -71.26
  94   -71.88
  95   -72.63
  96   -73.35
  97   -72.53
  98   -73.12
  99   -73.63
 100   -74.37
 101   -74.50
 102   -75.13
 103   -75.91
 104   -76.10
 105   -76.67
 106   -76.86
 107   -77.49
 108   -77.70
 109   -78.40
 110   -79.20
 111   -78.99
 112   -79.51
 113   -78.65
 114   -79.27
 115   -79.91
 116   -79.79
 117   -79.21
 118   -79.60
 119   -80.09
 120   -80.91
 121   -80.93
 122   -78.84
 123   -78.33
 124   -78.80
 125   -79.23
 126   -79.50
 127   -79.83
 128   -79.61
 129   -79.72
 130   -80.07
 131   -80.32
 132   -81.00
 133   -80.73
 134   -81.23
 135   -81.04
 136   -79.84
 137   -80.16
 138   -79.27
 139   -79.90
 140   -80.07
 141   -80.58
 142   -80.72
 143   -80.71
 144   -81.29
 145   -80.03
 146   -79.97
 147   -79.68
 148   -79.02
 149   -77.95
 150   -76.19
 151   -76.47
 152   -76.15
 153   -76.19
 154   -76.15
 155   -75.25
 156   -74.34
 157   -72.89
 158   -72.49
 159   -72.17
 160   -72.14
 161   -72.48
 162   -70.57
 163   -69.92
 164   -69.68
 165   -69.93
 166   -69.41
 167   -68.86
 168   -67.71
 169   -67.00
 170   -66.76
 171   -65.83
 172   -63.40
 173   -63.13
 174   -62.07
 175   -62.20
 176   -61.15
 177   -61.24
 178   -60.09
 179   -60.06
 180   -60.38
 181   -60.09
 182   -59.05
 183   -58.20
 184   -56.98
 185   -56.34
 186   -55.64
 187   -55.06
 188   -54.74
 189   -54.04
 190   -53.04
 191   -52.39
 192   -49.75
 193   -49.78
 194   -48.69
 195   -48.41
 196   -47.27
 197   -45.45
 198   -44.35
 199   -43.33
 200   -43.19
 201   -40.89
 202   -38.65
 203   -37.18
 204   -35.89
 205   -34.07
 206   -33.64
 207   -33.54
 208   -32.42
 209   -31.45
 210   -30.64
 211   -29.03
 212   -27.56
 213   -25.02
 214   -22.92
 215   -21.59
 216   -21.05
 217   -20.18
 218   -19.14
 219   -18.37
 220   -17.37
 221   -16.63
 222   -15.61
 223   -14.30
 224   -13.34
 225   -10.17
 226    -7.79
 227    -5.06
 228    -4.30
 229    -2.69
 230    -1.89
 231    -0.36
 232     1.59
 233     3.22
 234     4.17
 235     5.55
 236     6.13
 237     8.37
 238    10.88
 239    12.98
 240    15.85
 241    17.91
 242    18.51
 243    21.07
 244    23.28
 245    26.07
 246    27.01
 247    27.50
 248    29.21
 249    30.35
 250    32.59
 251    33.37
 252    36.30
 253    39.05
 254    40.47
 255    41.93
 256    43.91
 257    45.67
 258    46.74
 259    47.96
 260    50.68
 261    51.67
 262    52.81
 263    53.84
 264    53.87
 265    55.56
 266    55.84
 267    56.00
 268    56.62
 269    57.42
 270    58.00
 271    58.36
 272    58.10
 273    57.80
 274    58.54
 275    58.96
 276    59.58
 277    59.84
 278    59.90
 279    59.83
 280    60.11
 281    59.85
 282    59.21
 283    58.76
 284    58.67
 285    58.03
 286    57.52
 287    56.68
 288    56.32
 289    56.12
 290    55.50
 291    54.97
 292    54.71
 293    54.80
 294    54.13
 295    53.31
 296    52.68
 297    51.84
 298    51.88
 299    51.09
 300    50.95
 301    50.37
 302    50.10
 303    49.79
 304    49.57
 305    49.37
 306    48.54
 307    47.68
 308    47.07
 309    46.24
 310    45.45
 311    44.58
 312    43.85
 313    43.12
 314    42.25
 315    41.39
 316    40.52
 317    39.84
 318    38.98
 319    38.19
 320    37.32
 321    36.91
 322    36.06
 323    35.20
 324    34.33
 325    33.47
 326    32.61
 327    31.74
 328    30.88
 329    30.01
 330    29.15
 331    28.28
 332    27.42
 333    27.04
 334    26.17
 335    25.31
 336    24.44
 337    23.58
 338    23.30
 339    22.43
 340    21.58
 341    20.71
 342    19.85
 343    18.99
 344    18.12
 345    17.26
 346    16.57
 347    15.70
 348    14.84
 349    13.97
 350    13.11
 351    12.24
 352    11.38
 353    10.52
 354     9.65
 355     8.99
 356     8.18
 357     7.32
 358     6.46
 359     5.59
 360     4.73
 361     3.86
 362     3.00
 363     2.60
 364     1.73
 365     0.87
 366     0.00
