date precipitation
1 -3.057429566424796
2 -5.506662411538116
3 -8.564091977962912
4 -11.621521544387708
5 -14.678951110812504
6 -17.634577398548775
7 -20.65561352235062
8 -23.713043088775414
9 -26.77047265520021
10 -29.827902221625003
11 -32.8853317880498
12 -35.94276135447459
13 -39.000190920899385
14 -41.76942376601271
15 -44.8268533324375
16 -47.884282898862295
17 -50.9384337767625
18 -53.63487973662992
19 -56.68591586043176
20 -59.39350936128279
21 -62.42733237033053
22 -65.48164718265697
23 -68.51186363432767
24 -70.57093254501476
25 -73.6275424393084
26 -76.6849720057332
27 -79.742401572158
28 -82.76737212218936
29 -85.76086726238465
30 -88.80911650094059
31 -91.86654606736539
32 -94.92397563379019
33 -97.42402815103466
34 -100.42703148795127
35 -103.3313463002777
36 -106.24549717817791
37 -109.30292674460271
38 -112.36035631102752
39 -115.27450718892773
40 -118.32701872256564
41 -121.34674337095765
42 -122.53368113410376
43 -124.6268484054466
44 -127.63149108662549
45 -130.36105180059127
46 -133.37749776045868
47 -135.6477142121294
48 -138.25268476216073
49 -141.30519629579862
50 -143.94852750156767
51 -146.4744816581564
52 -149.33945220818777
53 -152.02573423362895
54 -154.61939330825047
55 -156.06239664516707
56 -159.11326883454268
57 -161.70856725342648
58 -164.73140665591686
59 -165.68867228791544
60 -167.58151169040582
61 -168.45992486338798
62 -169.85243639702588
63 -172.16724301263102
64 -173.6900824151214
65 -176.46620050613635
66 -177.34822023649556
67 -178.73155144226462
68 -179.33094822180416
69 -181.754115493147
70 -182.56072538744064
71 -183.07553200304577
72 -184.21115829078204
73 -186.06137474245273
74 -188.17913217772997
75 -190.56541420317114
76 -192.1303847532025
77 -193.30847005733222
78 -192.3742602794947
79 -192.9654603377228
80 -195.09584072381972
81 -195.3303194705724
82 -195.81086379109556
83 -197.86944089850397
84 -200.14949341574842
85 -201.82167708053387
86 -202.42140172892587
87 -204.33719195108839
88 -203.92937561587382
89 -205.5938543626265
90 -204.87702163396932
91 -204.86313972498428
92 -204.49155289796644
93 -205.92816279226008
94 -205.18100219475045
95 -205.54908749888017
96 -205.89602526202628
97 -206.08050400877895
98 -205.39072046044964
99 -203.55995330556297
100 -201.19394024903696
101 -201.42300915972405
102 -201.92224200483736
103 -202.918851899131
104 -202.6413634327689
105 -203.3937110319806
106 -204.20474715578243
107 -205.1359472140105
108 -206.60075382961563
109 -202.8573637239093
110 -201.01364574935047
111 -199.4033703977425
112 -198.949160619905
113 -198.0677377273134
114 -199.46139680193494
115 -200.54521981098267
116 -197.8228133118337
117 -192.69614451760276
118 -193.86816424796197
119 -193.97428233897693
120 -193.55285944638533
121 -192.69881360297407
122 -191.2180464480874
123 -189.4499022440204
124 -191.0612662366747
125 -193.15607285227983
126 -189.7356335662456
127 -191.2235549359491
128 -190.41459105975093
129 -189.2974304622413
130 -188.7148600286661
131 -186.25212566066466
132 -186.36217817790913
133 -186.24862413777655
134 -186.37211927797182
135 -184.58315540177367
136 -183.3553390665591
137 -182.57391617396752
138 -180.11872278957264
139 -179.30828350353843
140 -176.26259831586486
141 -177.1269131281913
142 -175.26204761264887
143 -174.89046078563103
144 -171.74887395861322
145 -168.96482811520195
146 -168.96061833736445
147 -165.97181839559252
148 -165.20711681447634
149 -163.05749720057327
150 -163.32836938994888
151 -161.23694649735728
152 -156.79355639165092
153 -154.4936089088954
154 -153.39907126220544
155 -150.3235500089581
156 -149.03114350980914
157 -149.0084091418077
158 -147.71288788856037
159 -144.84671089760812
160 -142.30217325091817
161 -138.39894707963805
162 -137.5027700886858
163 -136.45151113052043
164 -135.406645614978
165 -131.06850141091098
166 -129.31527523963086
167 -123.7990982486786
168 -122.3093147003493
169 -120.54182623398721
170 -119.81614104631365
171 -118.54012798978762
172 -118.50329526113045
173 -116.88318384394869
174 -117.15930193496365
175 -114.17771510794583
176 -112.26268565797719
177 -109.8968365358774
178 -108.06016774164645
179 -107.84694157036633
180 -104.26617441547964
181 -102.94065316223231
182 -100.30955813849317
183 -99.05387295081961
184 -94.7185156319985
185 -91.38938782137411
186 -87.6728829615694
187 -83.22244367553517
188 -83.77692242228784
189 -82.76533559527002
190 -80.11063401415383
191 -77.35314554779174
192 -73.08336199946244
193 -70.7155456642479
194 -67.41330309952515
195 -64.06450315775322
196 -61.38881797007966
197 -59.77559179879954
198 -58.3244967750604
199 -53.16045093164914
200 -52.26640508823787
201 -51.139408425154464
202 -48.460608483382536
203 -46.89377575472537
204 -41.8369430260682
205 -39.16519226462414
206 -37.45426117531123
207 -34.8543136925557
208 -34.68026784914443
209 -31.611959710651192
210 -29.624143375436645
211 -29.673212286123736
212 -27.04506808205673
213 -24.319710763235626
214 -21.257140329660423
215 -21.47489776493768
216 -20.502327331362476
217 -19.11352738959055
218 -18.152596300277644
219 -16.86953406342375
220 -16.738111170832152
221 -17.275376802830717
222 -16.741167024993217
223 -14.990235935680309
224 -13.573567141449367
225 -10.266078675087277
226 -8.366295126757976
227 -7.45093780793687
228 -5.908203439935436
229 -5.882518252261871
230 -3.0932265072112575
231 -2.6683609916688407
232 -0.05611842694609548
233 0.9126815148258296
234 5.763284735286279
235 8.911101070500827
236 10.791540356535048
237 13.691323904864351
238 18.26209105975103
239 19.483677886768856
240 22.817231926901435
241 26.24619580309959
242 29.941061318642006
243 33.57297601451229
244 36.893743169398974
245 38.607789012810244
246 42.20035944638545
247 49.97276594553442
248 53.994680641404706
249 60.515939599570075
250 61.84277232822725
251 70.20091653229426
252 73.7203722117711
253 75.52146723551024
254 80.38256225924938
255 82.64939498790656
256 87.2177031263998
257 92.8146997894832
258 98.36694235420595
259 101.69279147630574
260 104.698968467258
261 108.53858808116107
262 113.89492900653954
263 117.80487648929507
264 121.63728298844404
265 123.92657473349466
266 128.3565222162502
267 132.22171560064507
268 134.12920406700715
269 136.40734827107417
270 140.86975477022315
271 143.9226530726508
272 144.29653498163583
273 146.66763000537497
274 149.9413479799338
275 155.71244300367294
276 160.1904232733137
277 162.4495510839381
278 163.5154002060379
279 165.50600342649835
280 166.00529517154897
281 167.05065249037008
282 169.41896062886332
283 168.72497368538933
284 171.19262608617765
285 171.38863914270368
286 171.0725210516887
287 171.07427181313275
288 169.59864552539648
289 168.40597005733233
290 168.27231098271082
291 167.7242256785811
292 168.20417316133663
293 167.33903867687906
294 167.59488779897885
295 167.74762216698028
296 167.8713401415391
297 167.3683368046225
298 167.5186121562305
299 165.8716743930844
300 164.3493267938727
301 164.65747099793973
302 163.37299225118707
303 162.30310366836883
304 162.10141180686207
305 160.70922814207663
306 159.14196251007806
307 158.36846736988278
308 157.68136567231045
309 156.1129524993283
310 154.1966704738871
311 153.37825730090495
312 150.82804084923424
313 148.62356210248157
314 146.01613253605677
315 143.0870636253697
316 140.8758635671416
317 138.10630285317583
318 135.51018476216086
319 132.55046011376885
320 129.81630923586863
321 126.99379770223072
322 124.01833534892069
323 121.50992217593851
324 119.04445982262847
325 116.03047287915449
326 112.97648593568051
327 110.44872850040326
328 107.5253972946342
329 105.69059067902909
330 102.65283324375183
331 99.59868236585163
332 96.54125279942683
333 93.6108724133299
334 90.55672153542969
335 87.76404606736554
336 86.06563289438337
337 83.04918693451594
338 80.74733113858295
339 77.7284261623221
340 75.08345561229073
341 72.06127194750528
342 69.26335057780179
343 66.46657674908191
344 63.409147182657115
345 60.85794712442904
346 58.11543559079113
347 55.2994814342024
348 53.19287153990875
349 50.28642558004133
350 47.256209128370635
351 44.246812348831085
352 41.37216966765219
353 38.48474010122739
354 35.42763840365505
355 32.791028509361404
356 29.850975992116936
357 26.837480851921647
358 23.799723416644394
359 20.74491680103927
360 17.844864283794802
361 14.822024881304433
362 11.954923183732095
363 8.8974936173073
364 5.861703395144799
365 3.054929566424921
366 1.2523315717771766e-13
