date precipitation
1 -2.3467777479172267
2 -5.136178446654125
3 -7.955087342112336
4 -10.771701155603333
5 -13.590610051061542
6 -15.992469766191885
7 -18.811378661650096
8 -21.622090835796833
9 -24.440999731255044
10 -27.25892502015588
11 -30.07783391561409
12 -32.8967428110723
13 -35.71565170653051
14 -38.439478634775604
15 -40.96658425154529
16 -43.78057511421662
17 -46.58850040311745
18 -49.40642569201828
19 -52.198285407148624
20 -53.976210696049456
21 -55.87872614888472
22 -58.69402848696588
23 -61.51195377586671
24 -64.33086267132492
25 -67.1496076323569
26 -69.96851652781511
27 -72.78742542327332
28 -75.59633431873154
29 -77.82639075517335
30 -80.63857833915615
31 -83.45748723461436
32 -86.24688793335126
33 -88.9120263370062
34 -91.71880408492342
35 -93.62689330825049
36 -96.41531040043
37 -99.2047110991669
38 -102.02361999462511
39 -104.84252889008332
40 -107.65324106423004
41 -110.45247782854071
42 -113.08450147809728
43 -115.73947594732599
44 -118.51248320343993
45 -121.29696586938994
46 -123.86177640419241
47 -126.20363611932275
48 -127.85533190002687
49 -130.65784735286212
50 -133.02462510077936
51 -134.7797635044343
52 -137.4214592851384
53 -140.1124993281376
54 -142.8102606826122
55 -144.80769416823435
56 -147.57807847352862
57 -149.91420048374093
58 -152.61786347755978
59 -154.86054286482127
60 -157.28223864552538
61 -159.74213114754096
62 -162.46267938726146
63 -164.64880139747376
64 -166.5545955388336
65 -169.30137328675085
66 -172.05962644450415
67 -174.81624025799513
68 -175.9236737436173
69 -178.3147137866165
70 -180.25575382961568
71 -181.94876108572964
72 -182.50209621069604
73 -184.15313625369524
74 -186.43138941144852
75 -188.92587207739854
76 -190.47592851384036
77 -192.07368986831497
78 -193.9209594195109
79 -195.81413061005108
80 -198.1020558989519
81 -199.19391561408224
82 -200.95954582101587
83 -203.66222520827736
84 -205.65441279226016
85 -207.92151840902986
86 -207.65190271432414
87 -208.70409029830694
88 -209.68873689868317
89 -211.04666218758402
90 -212.02884977156683
91 -212.51628325718897
92 -214.6930610051062
93 -215.93459285138408
94 -217.17235420585868
95 -217.16618113410377
96 -219.0685326525128
97 -220.41432679387265
98 -219.9307766729374
99 -220.4118167159366
100 -221.97908626713252
101 -221.8350443429186
102 -222.3644450416555
103 -222.9900752485891
104 -222.41570545552273
105 -221.08100779360387
106 -219.46860521365224
107 -220.12653050255307
108 -221.22478366030637
109 -219.89172534264983
110 -219.3753883364687
111 -219.4731496909433
112 -216.78959957000808
113 -216.65244289169578
114 -216.70971244289169
115 -217.49206396130072
116 -214.7308089223327
117 -212.4629965063155
118 -213.27764310669176
119 -215.10851921526472
120 -216.06546089760818
121 -215.18420585864015
122 -214.01852459016393
123 -213.32907282988444
124 -213.41208008599838
125 -214.14295619457135
126 -211.9238323031443
127 -211.09077398548777
128 -208.93148615963452
129 -207.87564095673207
130 -207.20930395055095
131 -205.6455898951895
132 -206.82367911851654
133 -204.51406342381082
134 -205.36838215533461
135 -203.0127008868584
136 -201.89439666756252
137 -202.28625638269287
138 -200.14680462241338
139 -200.30112335393716
140 -197.97429454447735
141 -196.33779360386998
142 -195.43588282719705
143 -193.80528352593396
144 -192.7892743886053
145 -192.93441279226022
146 -190.77037086804629
147 -188.27452566514384
148 -187.39327062617582
149 -183.94414673474878
150 -183.1537113679119
151 -182.607538296157
152 -180.18841440472997
153 -179.25092985756524
154 -177.39508465466278
155 -175.88497715667836
156 -174.4196237570546
157 -173.16246707874234
158 -171.76465466272515
159 -170.45946519752763
160 -168.97968556839567
161 -168.65908626713255
162 -166.63127385111534
163 -163.6582155334588
164 -159.67810803547437
165 -158.1460333243752
166 -155.01756517065309
167 -153.83958882020966
168 -152.96226820747114
169 -151.31658693899493
170 -148.1541843590433
171 -147.17997850040317
172 -145.26331362536956
173 -145.1412389142704
174 -144.38752485890893
175 -142.76774522977698
176 -139.37173609244832
177 -138.7516285944639
178 -136.05561945713524
179 -135.2532168771836
180 -134.15966675624838
181 -132.23513302875577
182 -129.61912389142708
183 -129.29327868852462
184 -126.2220236495566
185 -123.58880139747383
186 -119.64787422735827
187 -118.1618650900296
188 -118.015200214996
189 -118.49542058586404
190 -115.93416554689603
191 -112.06979575382965
192 -109.77149153453377
193 -108.64843321687722
194 -107.41734211233543
195 -104.90510346681003
196 -103.2510615425961
197 -100.64242945444776
198 -97.38166621875844
199 -96.82188658962649
200 -95.14669712442895
201 -91.43675356087077
202 -88.06435098091914
203 -85.72244020424621
204 -85.0734802472454
205 -79.32960225745771
206 -75.9794947594733
207 -76.00922332706266
208 -72.79862402579955
209 -71.3399919376512
210 -68.93004837409302
211 -66.1604326793873
212 -62.14573501746846
213 -57.11677506046765
214 -54.61912657887668
215 -52.72672399892505
216 -50.924649287825886
217 -49.691263101316885
218 -50.47771298038165
219 -45.08153990862675
220 -43.06143241064234
221 -41.196570814297274
222 -39.46154528352598
223 -37.15635581832845
224 -34.70067454985224
225 -28.490894920720283
226 -22.74800053748997
227 -17.268548777210473
228 -14.460900295619503
229 -8.789153453372794
230 -7.340685299650676
231 -4.402708949207247
232 0.4629723192689692
233 3.324883095941906
234 7.28122010212304
235 13.77280300994352
236 17.133730180059082
237 22.04203439935497
238 27.07099435635578
239 31.39159365761888
240 36.755143778554114
241 41.997874227358196
242 47.89355549583441
243 54.793499059392595
244 62.36163934426225
245 65.46764848159093
246 71.51611663531304
247 74.14671593657614
248 79.949282450954
249 84.6098817522171
250 89.61802203708676
251 94.87878527277608
252 98.21004031174411
253 103.69801666218754
254 109.14484547164736
255 113.93708411717276
256 117.7245686643375
257 121.15451222789568
258 126.34822628325715
259 130.60653050255303
260 136.246310131685
261 139.98838484278417
262 142.9896398817522
263 145.69564901908086
264 147.89739586132757
265 151.5702902445579
266 154.1558075786079
267 155.08853802741197
268 157.00684224670786
269 159.08416285944637
270 162.63082773447996
271 163.72683687180864
272 164.60186240257994
273 167.8939371136791
274 168.41371674281106
275 170.00382424079547
276 170.78606288632088
277 173.29748185971513
278 173.77480247245364
279 174.38950013437247
280 174.79780435366837
281 177.1341413598495
282 176.44326525127656
283 176.92501209352326
284 177.17052942757326
285 177.8598172534265
286 176.6141870464929
287 177.16019618382157
288 177.28669712442894
289 175.80434560601992
290 175.2526498253158
291 174.73849502821827
292 174.7697500671863
293 173.11411986025269
294 172.37996506315514
295 172.98712174146743
296 171.81067186240267
297 170.32291050792807
298 169.5841655468961
299 168.33050255307722
300 166.23503628056983
301 166.68743886052147
302 165.42459553883376
303 164.04126041386735
304 163.23022037086815
305 160.92131147540994
306 158.22273044880419
307 156.049559258264
308 153.54687987100252
309 151.12502015587216
310 148.96496371943036
311 146.59884170921805
312 144.2202606826123
313 142.3231550658426
314 139.88621338349915
315 137.6492717011557
316 134.94741198602534
317 132.21309325450156
318 129.47992206396137
319 126.6962590701425
320 123.88276001074986
321 121.1463101316851
322 118.50231926901377
323 115.95816447191622
324 113.19597688793343
325 110.3875597957539
326 107.61783122816455
327 105.3448239720506
328 102.53050524052682
329 99.72143241064238
330 96.96973662993827
331 94.15082773448006
332 91.4699516259071
333 88.7777640419243
334 85.96705186777757
335 83.15240526740132
336 80.33841440473
337 77.5195055092718
338 74.85321956463326
339 72.03431066917506
340 69.59409029830701
341 67.07173877989798
342 64.25610857296437
343 61.612609513571726
344 58.79370061811352
345 56.023152378393014
346 54.02391561408235
347 51.38680999731266
348 48.65609782316592
349 46.02309056705197
350 43.20909970438065
351 40.39019080892244
352 37.57128191346423
353 35.1933566245634
354 32.37444772910519
355 29.716850309056817
356 26.934498790647787
357 24.122639075517444
358 21.303730180059233
359 18.926952432142006
360 16.108043536683795
361 13.364544477291158
362 10.545635581832947
363 8.343611932276376
364 5.524703036818166
365 2.8189088954583164
366 1.0613732115416497e-13
