date precipitation
1 -2.1409979396219656
2 -4.400028666129177
3 -6.6672561139478645
4 -7.3721884797993384
5 -9.567284780077042
6 -11.33779091642032
7 -13.324854429812778
8 -15.580606467795398
9 -17.664227358237035
10 -19.731454806055723
11 -21.58556749977605
12 -23.852794947594738
13 -26.030514198692114
14 -27.895610498969816
15 -30.155133028755717
16 -32.02072113231211
17 -34.27548956373735
18 -36.02271701155604
19 -38.06043626265342
20 -39.71159813670161
21 -41.85095673206128
22 -43.975069425781605
23 -45.99803457851832
24 -48.26198333781242
25 -50.36822717907373
26 -52.47643823344979
27 -54.735468959957004
28 -56.19368001433307
29 -57.798612380184544
30 -59.71469228701962
31 -61.973723013526836
32 -64.24095046134552
33 -66.31768610588551
34 -67.62917584878616
35 -68.40476395234255
36 -70.22281107229239
37 -72.39774343814386
38 -74.51628236137239
39 -75.87695243214189
40 -78.04581922422287
41 -79.3127188031891
42 -80.90896264445041
43 -82.67946878079368
44 -84.54899131057958
45 -84.89490728298843
46 -86.09082325539728
47 -87.41214906387171
48 -89.24740929857565
49 -89.1656203529517
50 -90.62383140732777
51 -92.01171459285138
52 -94.08959777837498
53 -95.90026784914448
54 -97.47011824778285
55 -98.10865717101137
56 -96.86309773358415
57 -98.05442354205859
58 -99.20919197348383
59 -100.64953417540087
60 -101.2636468691212
61 -103.01120218579234
62 -105.09974110902087
63 -106.03696855683955
64 -106.89485174236316
65 -108.11503000985398
66 -109.4091427035743
67 -109.38407506942578
68 -108.79163038609693
69 -108.81623488309594
70 -110.0572328227179
71 -110.7995422377497
72 -111.21431066917495
73 -111.63727582191167
74 -110.33630654841889
75 -111.35468153722118
76 -109.4232204604497
77 -109.73848069515363
78 -111.4417737167428
79 -110.4057224760369
80 -109.80180238287198
81 -109.83821015855952
82 -110.19051957359132
83 -108.84184538206574
84 -110.2516957807041
85 -111.13138224491622
86 -110.68992116814475
87 -111.59813222252082
88 -112.39634327689689
89 -112.81275105258443
90 -114.51768341843591
91 -112.35540266953328
92 -111.64082683866344
93 -110.97002149959688
94 -109.6929866523336
95 -109.59611573949655
96 -110.21613007256114
97 -109.15630834005196
98 -108.63009316491983
99 -107.90830421929589
100 -107.10241691301621
101 -107.4163656723103
102 -107.9024455791454
103 -106.40245991220998
104 -106.3465726059303
105 -103.66265251276539
106 -99.85151930484638
107 -96.43497626086179
108 -91.95662993818867
109 -90.60779181223687
110 -89.26124876825227
111 -89.22568933082506
112 -87.61160530323392
113 -86.60063602974112
114 -82.80147003493686
115 -82.09164830242767
116 -79.25953148795128
117 -77.18298844396669
118 -75.24201917047391
119 -73.05514825763686
120 -70.23286750873423
121 -67.89911134999554
122 -66.81551912568308
123 -64.93110722923947
124 -62.32128549673029
125 -60.18064409208996
126 -58.39377317925291
127 -54.50608259428471
128 -50.13675266505422
129 -47.551357162053236
130 -46.224978052494876
131 -43.26761533637914
132 -40.23976081698471
133 -37.7714144943116
134 -36.79601899131062
135 -35.69472184896537
136 -33.38457224760373
137 -30.26048822001258
138 -27.005584520290284
139 -25.400680820567988
140 -23.457416465107986
141 -19.92956194571356
142 -16.788756606647
143 -15.18450864462962
144 -11.656326256382734
145 -10.745193048463715
146 -7.293568037266009
147 0.9667454985218598
148 5.003452476932681
149 9.199175848786126
150 12.589817253426455
151 14.940458658066785
152 18.007001702051376
153 26.113872614888425
154 30.070579593299247
155 36.65990952252974
156 47.278583714055316
157 54.512503807220234
158 55.428718982352365
159 60.46558989518942
160 68.95623129982975
161 76.72998745856844
162 88.20997312550386
163 94.00553256293108
164 101.31682970527632
165 106.68747110991664
166 110.86516169488485
167 114.89580309952518
168 119.87759204514911
169 122.71069246618289
170 131.67379288721665
171 137.67263101316846
172 140.16851831944814
173 143.60506136343272
174 144.56111260413863
175 146.34503269730354
176 151.04469049538648
177 158.8453319000268
178 161.0202355997491
179 165.61972946340583
180 169.87053480247238
181 171.24297948580124
182 174.68952252978585
183 177.75508196721307
184 180.6501496013616
185 181.73538116993635
186 182.50684224670783
187 183.97240168413504
188 186.1248463674639
189 186.9908976081698
190 185.33776852100686
191 185.40218041745047
192 186.15921526471374
193 185.44690584968194
194 184.71738331989604
195 183.4058935769954
196 183.51964973573408
197 183.1768485174236
198 182.9528997581295
199 182.30255755621243
200 180.81221535429538
201 179.32711905401766
202 177.4993998029203
203 175.39118874854424
204 173.69281375974194
205 172.25673385290685
206 170.15016214279308
207 168.42785272776126
208 166.29996954223765
209 164.488479799337
210 163.21715399086258
211 162.59091014960129
212 163.2187646689957
213 162.8225208277344
214 160.97512944548947
215 159.22822986652324
216 157.54395323837667
217 155.77688972498422
218 154.71212129355897
219 152.94030368180586
220 151.02750246349538
221 148.98912747469308
222 146.8737033055629
223 145.48959061184257
224 143.76515004926978
225 142.8257914539101
226 140.8351213831406
227 139.00084475499403
228 138.0677156678311
229 136.28016035115994
230 134.434900116456
231 132.4498038161783
232 130.88323210606453
233 130.53813580578682
234 128.43221983337799
235 126.45515631998553
236 124.92169936397012
237 124.06398011287274
238 122.45937561587372
239 120.47509898772716
240 119.55508465466258
241 117.85097196094225
242 115.96489205410717
243 115.92077936038685
244 115.45519125683046
245 113.73386544835604
246 113.24532652512752
247 111.4895744871449
248 110.08677326883442
249 109.48954582101574
250 108.16854788139378
251 107.25623846636198
252 105.79228970706788
253 104.8217835707246
254 104.79422825405346
255 103.11109916689051
256 101.12092089939969
257 100.36189017289249
258 101.43892502015576
259 100.3451401952879
260 102.28545373107576
261 101.48084923407674
262 100.36345785183182
263 100.18426319089838
264 99.33277344799772
265 99.28734927886757
266 98.3763513392456
267 97.63371405536134
268 96.88960136164101
269 96.53712801218298
270 96.30531040042986
271 95.30693541162756
272 94.63478993102198
273 94.8142837946787
274 94.76082683866329
275 94.00818955477904
276 93.00325718892756
277 92.30357072471543
278 95.17519573591314
279 94.43255845202887
280 93.7448392009315
281 93.96826749081772
282 93.03710561676952
283 93.04053390665575
284 95.15953596703379
285 95.17198065036264
286 93.96540894024888
287 93.531624115381
288 97.22062617575904
289 97.38290692466165
290 98.95338439487575
291 99.8179602257456
292 101.15138851563182
293 100.44629221535412
294 98.91660575114199
295 98.0916733852905
296 98.48477380632428
297 101.70721848965314
298 102.28261399265413
299 102.24866523336004
300 102.73012631013152
301 102.12552181313251
302 101.85386813580563
303 100.71401773716727
304 100.2346591418076
305 99.75890710382498
306 98.20167965600629
307 97.86691122458105
308 98.0426345964345
309 97.11458747648466
310 96.35899937292827
311 95.2347227447817
312 93.81208546089745
313 92.225021947505
314 91.44943384394861
315 89.63237033055616
316 87.5036674729014
317 86.03316133655812
318 84.70839290513288
319 82.85821463764206
320 81.57524948490534
321 80.47949744692272
322 79.016532294186
323 77.16619009226896
324 75.37601182477815
325 73.65501388515618
326 72.56958971602602
327 70.65367374361716
328 68.58841350891323
329 66.93823524142242
330 65.64051599032504
331 63.87656723103095
332 62.24097912747455
333 61.101128728836194
334 59.15193406790275
335 58.593231210248
336 58.076659500134234
337 56.00287467526637
338 54.968434112693586
339 52.79202633700605
340 51.07233987279392
341 48.9077353757949
342 47.28837678043523
343 45.42410015228867
344 43.215069425781465
345 41.50357968288081
346 39.78815551375065
347 38.858305115112294
348 36.79878258532639
349 34.565489563737216
350 32.993671951984105
351 30.76972319269001
352 28.848889187494272
353 26.817727313446078
354 24.55049986562739
355 22.796878975185752
356 20.57866792080969
357 18.970292932007396
358 16.914213025172316
359 14.983706888829039
360 12.816479441010351
361 10.590235599749041
362 8.53448356176642
363 6.275452835259208
364 4.28855325629298
365 2.2672274478185552
366 -1.318944953254686e-13
