date precipitation
1 -1.395854608976082
2 -3.772364955657082
3 -6.119367105616771
4 -8.325713517871542
5 -10.226814028486968
6 -11.828242407954853
7 -13.964424885783394
8 -16.30847621607095
9 -18.580068529965065
10 -20.66477559795754
11 -22.775712174146737
12 -25.152222520827735
13 -27.494306638000538
14 -28.97425960763236
15 -31.116343724805162
16 -33.26990325181403
17 -35.526741467347485
18 -37.676694436979304
19 -39.599106423004564
20 -41.55086267132491
21 -43.925733673743615
22 -45.75027680730986
23 -47.285967481859714
24 -49.17395323837678
25 -51.53079145391024
26 -53.15353130878796
27 -55.43397608169847
28 -56.9006503628057
29 -58.05355415210965
30 -60.3792448266595
31 -62.361328943832305
32 -64.67259338887396
33 -66.90074307981726
34 -68.51856490190809
35 -70.19573098629401
36 -72.2955200214996
37 -74.6720303681806
38 -76.63280300994357
39 -77.49095270088687
40 -79.33959419510884
41 -81.16298978769149
42 -82.09359849502822
43 -82.84453507121741
44 -83.97317656543939
45 -86.07788363343187
46 -87.49882020962106
47 -88.60319940876107
48 -90.28200483740929
49 -91.57490862671324
50 -93.30420585864015
51 -95.00842112335393
52 -96.94689868314968
53 -98.6968516527815
54 -99.64614888470841
55 -100.1036428379468
56 -101.25228433216878
57 -101.76518812147273
58 -103.1231738779898
59 -102.9329629131954
60 -103.84881752217147
61 -103.89057377049181
62 -104.60216608438593
63 -104.58080757860792
64 -104.91567858102663
65 -105.36661515721582
66 -107.03722386455256
67 -107.01734076861061
68 -107.53926095135718
69 -107.2115090029562
70 -107.04539639881753
71 -107.33338215533459
72 -104.05808922332706
73 -105.38066514377856
74 -105.49996237570546
75 -106.63794813222253
76 -104.10363880677238
77 -102.63752620263371
78 -103.86665950013438
79 -102.16300591238914
80 -99.38853265251277
81 -99.10487906476753
82 -99.4023730180059
83 -98.21134238108034
84 -97.37047567858102
85 -97.54255979575382
86 -95.29529965063153
87 -96.17000671862401
88 -96.99209083579682
89 -96.50106019887126
90 -97.5528164471916
91 -97.24113007256113
92 -97.01534533727492
93 -94.95038027411985
94 -95.38197258801397
95 -94.27897473797366
96 -92.31646869121204
97 -86.14707739854877
98 -85.91571889277076
99 -85.07780300994355
100 -84.24710024187046
101 -84.87623353937113
102 -86.1837274926095
103 -87.16564767535608
104 -87.57297769416823
105 -86.17129131953776
106 -85.30649019080892
107 -84.46283660306369
108 -82.21278957269551
109 -83.3542179521634
110 -81.79876108572964
111 -82.3016648750336
112 -82.31079817253426
113 -79.77681671593658
114 -77.8167696855684
115 -76.8381980650363
116 -76.98487234614352
117 -76.52826793872616
118 -75.36576189196454
119 -74.99915748454718
120 -73.71337274926097
121 -72.31660440741737
122 -72.88262295081968
123 -69.65667428110724
124 -68.26039774254234
125 -68.019531040043
126 -67.70981187852729
127 -65.59287960225747
128 -64.43840634238109
129 -62.516228164471926
130 -57.7709352324644
131 -52.802691480784745
132 -50.672808384842796
133 -49.85472856758937
134 -49.88238645525398
135 -45.765782047836616
136 -43.06966944369795
137 -42.02781913464124
138 -41.222034399355024
139 -37.02083982800324
140 -33.80407148615965
141 -33.88779494759475
142 -28.716436441816732
143 -26.307700886858388
144 -24.378637463047585
145 -23.068262563826945
146 -22.12641225477024
147 -18.9560373555496
148 -18.919924751410928
149 -13.993484278419796
150 -12.28884708411719
151 -12.844373824240813
152 -10.015146466003781
153 -6.835591238914289
154 -4.873085192152666
155 -0.5187758667025184
156 2.8301236226820556
157 6.261482128460072
158 9.075463585057761
159 12.36272373018004
160 22.256049449072812
161 25.20314565976886
162 26.69679924751409
163 29.15684627788227
164 31.364762160709468
165 33.94694033861863
166 36.67780704111796
167 41.231952432141874
168 44.087573233001855
169 48.91565305025528
170 50.64963450685297
171 54.88984547164738
172 57.07595807578605
173 57.55338215533455
174 61.02818328406339
175 64.12904998656272
176 64.5079494759473
177 67.01750470303679
178 68.5793550120935
179 71.11120532115021
180 73.24764579414133
181 73.52900429991935
182 74.28692018274654
183 73.95844262295078
184 74.21324375167961
185 75.14689733942484
186 76.81940338618647
187 75.43371271163662
188 74.40064498790643
189 73.8823313625369
190 73.26532921257721
191 73.50029427573227
192 73.09902983069061
193 72.33333915614075
194 71.2432222520827
195 69.67982665950007
196 70.06282450954038
197 72.97385514646594
198 71.95832840634232
199 70.47526068261213
200 68.72875033593112
201 68.0348629400698
202 66.8411394786347
203 64.91118650900289
204 64.49959419510877
205 63.31636253695236
206 61.08591776404185
207 59.48416151572151
208 58.064864283794606
209 55.90064901908082
210 53.96036818059654
211 52.717792260145046
212 51.334232733136176
213 51.52427976350435
214 50.31547433485614
215 50.19584923407678
216 48.79917495296955
217 47.65282854071478
218 46.704842784197716
219 44.67587342112327
220 42.7211663531308
221 41.855147809728486
222 39.92585057780158
223 37.82802875571075
224 37.43709217952155
225 37.71517199677498
226 35.99128460091365
227 33.76034802472446
228 32.83875571083034
229 31.524212577264095
230 29.91950550927162
231 28.524470572426686
232 27.015501209352244
233 25.281449879064688
234 23.459693630744344
235 22.471707874227278
236 20.93388605213644
237 20.951474066111178
238 20.061521096479357
239 18.25386320881475
240 18.376533190002604
241 17.514285138403572
242 16.249578070411097
243 14.944379199139933
244 13.684590163934342
245 11.786276538564817
246 10.814684224670701
247 9.390796828809373
248 10.3888766460628
249 10.434169578070325
250 10.121101854340145
251 10.512296425691932
252 9.63955657081421
253 10.402226552002062
254 12.251289975812867
255 11.046746842246622
256 9.61089223327054
257 8.739791722655115
258 9.714264982531493
259 9.736771029293116
260 10.177637731792444
261 11.793586401504886
262 10.999699005643558
263 11.7828607901101
264 12.200284869658608
265 13.562135178715312
266 15.148739586132674
267 19.003376780435282
268 20.7347352862133
269 21.20576592313886
270 26.056796560064416
271 25.084876377317844
272 25.438038161784384
273 27.441691749529614
274 29.00370599301255
275 29.251130072561057
276 30.15412792260137
277 30.019420854608892
278 31.413074442354123
279 33.70525262026329
280 34.71923407686098
281 37.35288766460621
282 37.31260682612193
283 38.91675221714585
284 41.01450416554682
285 41.70881349099697
286 41.48099166890613
287 40.906120666487425
288 40.1878070411179
289 41.27883767804346
290 40.75462241332967
291 41.50057108304211
292 41.44110991668898
293 42.86771432410634
294 45.673499059392554
295 46.42239854877713
296 48.518839021768265
297 51.0852794947594
298 52.77253963988168
299 55.4594719161515
300 55.872141897339354
301 56.72759876377311
302 59.66748185971506
303 60.87425020155865
304 61.717575920451424
305 60.930737704917966
306 62.09603063692549
307 62.625094060736295
308 62.94432141897333
309 65.8460077936038
310 66.07589088954576
311 65.28364283794673
312 63.52368986831491
313 63.19898280032243
314 62.815095404461104
315 61.674158828271906
316 61.25191077667287
317 60.834088954582036
318 60.720693361999395
319 60.81205186777741
320 59.495213652243955
321 59.04050658425148
322 59.57120935232458
323 60.01027277613538
324 59.68031980650356
325 59.23413732867502
326 59.99106960494484
327 58.59455925826384
328 58.30329481322219
329 56.94580085998381
330 57.22355280838478
331 56.9304850846546
332 56.285941951088354
333 55.10287422735817
334 55.74308519215258
335 55.566410911045345
336 54.60006449879057
337 53.796341037355475
338 53.255896264444964
339 51.275451491534454
340 49.95058048911575
341 48.08243079817245
342 46.51723192690129
343 44.304492072023564
344 42.54175221714584
345 41.58573367374353
346 39.71053480247237
347 38.08058183284055
348 35.855546895995616
349 33.765429991937566
350 32.09039505509263
351 30.228147003493596
352 28.13294813222243
353 25.772011556033235
354 24.27304219295879
355 21.97407282988435
356 20.30723461435089
357 18.45105213652235
358 17.274213920988892
359 14.912457672668548
360 13.132996506315417
361 10.756486159634417
362 8.804565976887844
363 6.5216621875838925
364 4.689578070411089
365 2.366510346680909
366 -9.103828801926284e-14
