date precipitation
1 -2.6275674101943927
2 -5.268249574487146
3 -7.83516124697662
4 -10.477482755531668
5 -13.119804264086715
6 -15.653929051330287
7 -18.033955477918123
8 -20.676276986473173
9 -23.267778822897075
10 -25.910100331452124
11 -28.552421840007174
12 -31.194743348562223
13 -33.83706485711727
14 -36.47938636567232
15 -39.12170787422737
16 -41.76402938278242
17 -44.40635089133747
18 -46.97981994087612
19 -49.6206660395951
20 -52.26298754815015
21 -54.9053090567052
22 -57.5468108931291
23 -60.18847666397923
24 -62.83079817253428
25 -65.47230000895819
26 -68.11462151751323
27 -70.75694302606827
28 -73.39910060019709
29 -76.04142210875213
30 -78.67997312550389
31 -81.32229463405893
32 -83.96461614261398
33 -86.60693765116902
34 -89.24925915972406
35 -91.596498701066
36 -94.21423004568662
37 -96.71884663620888
38 -99.36116814476392
39 -102.00348965331897
40 -104.64581116187401
41 -107.28813267042905
42 -109.52389680193492
43 -111.80556257278505
44 -114.43804801576633
45 -117.02791050792793
46 -119.64236316402396
47 -122.03222565618557
48 -124.61061273851111
49 -127.24965555854156
50 -129.78640329660482
51 -132.36151169040576
52 -134.99940696945262
53 -137.64172847800768
54 -140.28404998656274
55 -142.74210920003583
56 -145.38443070859088
57 -148.02462106960496
58 -149.71776225029114
59 -152.23877228343636
60 -154.86470034936846
61 -157.4414480874317
62 -160.08376959598675
63 -162.7260911045418
64 -165.36841261309687
65 -168.01073412165192
66 -170.28256382692828
67 -172.61996730269644
68 -174.49425602436625
69 -176.69395458210164
70 -178.52988264803375
71 -180.78367956642487
72 -183.31452566514386
73 -185.93389635402679
74 -186.79523425602446
75 -189.20575248589097
76 -191.76118874854438
77 -194.16793648660763
78 -195.72665143778562
79 -197.72274343814394
80 -199.75867150407603
81 -201.60558317656552
82 -203.99708501298943
83 -206.58858684941333
84 -208.9466460628864
85 -211.29355773537588
86 -213.49030547343912
87 -215.50967616232205
88 -217.93560422825414
89 -219.40759786795672
90 -221.2156570814298
91 -223.51617531129634
92 -225.6191525575563
93 -228.22196586939003
94 -230.5026480336828
95 -232.19037937830342
96 -234.4517172803011
97 -235.90469452656106
98 -237.59832751052593
99 -238.84704246170392
100 -240.8246098718983
101 -238.7866035116009
102 -240.5408922332707
103 -242.01600062707166
104 -242.65897787333162
105 -244.80638134909978
106 -244.11099793962205
107 -245.83692600555415
108 -246.60285407148623
109 -248.1286182029921
110 -248.99421840007173
111 -250.22096613813497
112 -248.56361551554247
113 -247.78003538475326
114 -248.80219295888207
115 -250.97795709038795
116 -249.9130654841889
117 -246.64145256651446
118 -247.0142658783482
119 -247.84216115739505
120 -247.1279252889009
121 -247.2204107318822
122 -247.64125683060118
123 -246.87816850309065
124 -247.48786706082603
125 -248.1180574218401
126 -248.3334936844935
127 -248.97106109468788
128 -248.56846457045606
129 -249.6602942757324
130 -246.82818955477927
131 -248.28952745677694
132 -249.50398011287297
133 -247.8817114574936
134 -248.6699346053929
135 -249.16668234345616
136 -249.17588909791286
137 -248.65722699991053
138 -247.44364686912132
139 -247.0861323121026
140 -246.6910767714773
141 -243.95962778822906
142 -241.67506405088247
143 -239.47968064140474
144 -240.8238054286483
145 -241.3662908716296
146 -238.87254680641414
147 -236.5750322493954
148 -235.7360422825406
149 -233.42393756158745
150 -233.3351115291589
151 -230.25021992295984
152 -227.3882791364329
153 -227.7691252351519
154 -225.28685657977252
155 -225.01409612111445
156 -224.5580569739318
157 -224.05628012183112
158 -221.03204425333698
159 -219.078628056974
160 -218.1389823524143
161 -217.80704156588737
162 -215.9059204514916
163 -214.48266818955483
164 -214.26908805876562
165 -214.43862268207477
166 -211.81504255128556
167 -210.87523291229962
168 -207.89575114216615
169 -206.36889232285233
170 -204.6018695691123
171 -202.96714189733947
172 -200.78470930753386
173 -198.87899802920367
174 -198.45754904595543
175 -196.7877394069695
176 -192.78350353847537
177 -191.68549717817797
178 -189.8515891785363
179 -188.00686150676347
180 -186.5385272776136
181 -181.8472422287916
182 -180.69169488488762
183 -180.54827868852465
184 -173.4338788856043
185 -172.46915121383145
186 -170.4958989518947
187 -168.70756472274482
188 -169.9267714772015
189 -164.88565036280573
190 -163.74977515004932
191 -161.90586715040763
192 -160.18130341306104
193 -158.1559200035833
194 -155.0690611842695
195 -150.80941547970977
196 -148.8166550210517
197 -141.4204519394428
198 -138.2324455791454
199 -135.05263594015946
200 -130.66446564543583
201 -126.86383633431875
202 -122.07517423631641
203 -113.74815148257638
204 -109.8998172534265
205 -103.50935187673565
206 -100.78855863119234
207 -97.98465063155066
208 -96.34041476305653
209 -93.66191659948043
210 -90.59587745229778
211 -84.09377273134464
212 -79.91806145301445
213 -74.93513705993016
214 -70.15450774881307
215 -68.46961614261403
216 -63.57275732330022
217 -58.913439487592974
218 -54.63985935680376
219 -47.217590701424385
220 -40.408108931290904
221 -35.20190584968202
222 -28.76701424348297
223 -23.00294230941507
224 -19.416903162232412
225 -9.326929588820247
226 0.7864866075427379
227 4.609411000627034
228 8.56922063961297
229 15.769194213025136
230 18.22244647496189
231 24.057010212308484
232 31.161737884081305
233 35.79400653946068
234 40.020373555495794
235 46.86903565349812
236 52.650484636746356
237 59.98504837409295
238 64.68813670160347
239 70.62106109468776
240 75.50382155334583
241 84.83412299561046
242 90.40426050344885
243 97.0152176834184
244 107.25027322404368
245 114.80745991220995
246 120.26267938726146
247 123.47445623936214
248 128.37787243572512
249 131.4989935501209
250 135.89257368091012
251 139.13730135268293
252 141.9623568933082
253 146.88560915524496
254 148.07607453193583
255 150.4965399086267
256 153.50503807220278
257 159.14992967840183
258 164.91203439935498
259 166.81331944817697
260 168.69886679208093
261 171.24162725073901
262 171.4316008241512
263 174.81059079100598
264 175.1731873152378
265 178.81758711815817
266 181.52313446206213
267 181.67622278957265
268 182.25045865806678
269 183.27469452656092
270 184.0518812147272
271 185.06890396846723
272 186.35658245991218
273 187.27458882020957
274 187.05669354116273
275 190.13912613096835
276 189.56270626175757
277 189.60218803189105
278 188.35330914628682
279 188.71213517871539
280 188.52866612917674
281 190.66831183373645
282 190.01123622682076
283 188.91743930842964
284 189.04036370151394
285 187.23853399623758
286 186.2739174057153
287 184.60536638896355
288 184.5263235689331
289 182.5971168144764
290 181.1956149780525
291 180.09263773179254
292 178.15195556749978
293 177.03635537042015
294 175.2678043536684
295 173.75663038609696
296 171.78463674639437
297 169.84395458210162
298 168.20819045059574
299 166.22062304040134
300 164.61420317119055
301 162.67565215443878
302 162.08742900653948
303 160.4349435635582
304 158.4234417271343
305 155.9868579234973
306 153.78224133297505
307 151.32516572605934
308 148.97087700438954
309 147.20232598763778
310 144.69705365941059
311 142.09915838036375
312 139.45864015049722
313 136.87041700259792
314 134.23071844486253
315 131.60315103466814
316 128.963616411359
317 126.33080309952526
318 123.72913732867512
319 121.08681582012008
320 118.44449431156504
321 115.80217280301
322 113.16149063871724
323 111.15162814655564
324 108.50996237570551
325 105.86764086715047
326 103.22531935859543
327 100.59939129266333
328 97.99641404640336
329 95.35474827555323
330 92.71242676699819
331 90.22584296336117
332 87.58352145480613
333 85.21169174952978
334 82.79396040490916
335 80.15163889635411
336 77.52554689599579
337 74.88814342022762
338 72.24582191167258
339 69.60350040311754
340 66.9611788945625
341 64.33279181223695
342 61.699322762698294
343 59.057001254143245
344 56.414679745588195
345 53.772358237033146
346 51.57102033503548
347 48.92869882648043
348 46.28637731792538
349 43.65880990773098
350 41.016488399175934
351 38.374166890620884
352 35.731845382065835
353 33.15673698826488
354 30.514415479709832
355 28.101766102302324
356 25.802723282271867
357 23.1697460360119
358 20.52742452745685
359 17.885103018901802
360 15.242781510346754
361 12.600460001791706
362 9.958138493236659
363 7.840571083042266
364 5.201036459733119
365 2.64232150855512
366 7.194245199571014e-14
